timeStamp,elapsed,label,responseCode,responseMessage,threadName,dataType,success,failureMessage,bytes,sentBytes,grpThreads,allThreads,Latency,IdleTime,Connect
1549617924629,11,Petición HTTP,200,OK,Grupo de Hilos 1-19,text,true,,487,149,20,20,11,0,2
1549617924553,87,Petición HTTP,200,OK,Grupo de Hilos 1-13,text,true,,489,149,21,21,87,0,50
1549617924530,109,Petición HTTP,200,OK,Grupo de Hilos 1-4,text,true,,487,149,21,21,109,0,72
1549617924608,40,Petición HTTP,200,OK,Grupo de Hilos 1-18,text,true,,488,149,21,21,40,0,1
1549617924534,114,Petición HTTP,200,OK,Grupo de Hilos 1-10,text,true,,487,149,21,21,114,0,69
1549617924533,115,Petición HTTP,200,OK,Grupo de Hilos 1-11,text,true,,487,149,21,21,115,0,70
1549617924531,116,Petición HTTP,200,OK,Grupo de Hilos 1-6,text,true,,488,149,21,21,116,0,71
1549617924534,114,Petición HTTP,200,OK,Grupo de Hilos 1-5,text,true,,488,149,21,21,114,0,68
1549617924575,74,Petición HTTP,200,OK,Grupo de Hilos 1-15,text,true,,488,149,21,21,74,0,28
1549617924598,52,Petición HTTP,200,OK,Grupo de Hilos 1-17,text,true,,488,149,21,21,52,0,5
1549617924532,117,Petición HTTP,200,OK,Grupo de Hilos 1-1,text,true,,489,149,21,21,117,0,70
1549617924588,62,Petición HTTP,200,OK,Grupo de Hilos 1-16,text,true,,489,149,21,21,62,0,15
1549617924564,86,Petición HTTP,200,OK,Grupo de Hilos 1-14,text,true,,488,149,21,21,86,0,39
1549617924533,116,Petición HTTP,200,OK,Grupo de Hilos 1-7,text,true,,489,149,21,21,116,0,69
1549617924543,107,Petición HTTP,200,OK,Grupo de Hilos 1-12,text,true,,487,149,21,21,107,0,60
1549617924530,120,Petición HTTP,200,OK,Grupo de Hilos 1-8,text,true,,488,149,21,21,120,0,72
1549617924533,119,Petición HTTP,200,OK,Grupo de Hilos 1-9,text,true,,488,149,21,21,119,0,68
1549617924531,120,Petición HTTP,200,OK,Grupo de Hilos 1-3,text,true,,488,149,21,21,120,0,71
1549617924630,22,Petición HTTP,200,OK,Grupo de Hilos 1-20,text,true,,488,149,21,21,22,0,15
1549617924533,118,Petición HTTP,200,OK,Grupo de Hilos 1-2,text,true,,489,149,21,21,118,0,69
1549617924643,13,Petición HTTP,200,OK,Grupo de Hilos 1-21,text,true,,489,149,21,21,13,0,5
1549617924659,6,Petición HTTP,200,OK,Grupo de Hilos 1-22,text,true,,487,149,1,1,6,0,0
1549617924670,6,Petición HTTP,200,OK,Grupo de Hilos 1-23,text,true,,488,149,1,1,6,0,1
1549617924683,7,Petición HTTP,200,OK,Grupo de Hilos 1-24,text,true,,488,149,1,1,7,0,1
1549617924701,8,Petición HTTP,200,OK,Grupo de Hilos 1-25,text,true,,488,149,1,1,8,0,2
1549617924710,7,Petición HTTP,200,OK,Grupo de Hilos 1-26,text,true,,487,149,1,1,7,0,1
1549617924725,8,Petición HTTP,200,OK,Grupo de Hilos 1-27,text,true,,488,149,1,1,8,0,2
1549617924736,5,Petición HTTP,200,OK,Grupo de Hilos 1-28,text,true,,487,149,1,1,5,0,0
1549617924746,6,Petición HTTP,200,OK,Grupo de Hilos 1-29,text,true,,488,149,1,1,6,0,0
1549617924757,6,Petición HTTP,200,OK,Grupo de Hilos 1-30,text,true,,488,149,1,1,6,0,0
1549617924767,6,Petición HTTP,200,OK,Grupo de Hilos 1-31,text,true,,488,149,1,1,6,0,0
1549617924777,6,Petición HTTP,200,OK,Grupo de Hilos 1-32,text,true,,488,149,1,1,6,0,1
1549617924788,6,Petición HTTP,200,OK,Grupo de Hilos 1-33,text,true,,487,149,1,1,6,0,1
1549617924799,8,Petición HTTP,200,OK,Grupo de Hilos 1-34,text,true,,487,149,1,1,8,0,2
1549617924811,7,Petición HTTP,200,OK,Grupo de Hilos 1-35,text,true,,489,149,1,1,7,0,1
1549617924821,6,Petición HTTP,200,OK,Grupo de Hilos 1-36,text,true,,488,149,1,1,6,0,1
1549617924832,6,Petición HTTP,200,OK,Grupo de Hilos 1-37,text,true,,487,149,1,1,6,0,0
1549617924844,6,Petición HTTP,200,OK,Grupo de Hilos 1-38,text,true,,487,149,1,1,6,0,1
1549617924858,6,Petición HTTP,200,OK,Grupo de Hilos 1-39,text,true,,488,149,1,1,6,0,1
1549617924872,6,Petición HTTP,200,OK,Grupo de Hilos 1-40,text,true,,488,149,1,1,6,0,0
1549617924882,6,Petición HTTP,200,OK,Grupo de Hilos 1-41,text,true,,488,149,1,1,6,0,1
1549617924892,6,Petición HTTP,200,OK,Grupo de Hilos 1-42,text,true,,488,149,1,1,6,0,1
1549617924903,7,Petición HTTP,200,OK,Grupo de Hilos 1-43,text,true,,488,149,1,1,7,0,1
1549617924913,6,Petición HTTP,200,OK,Grupo de Hilos 1-44,text,true,,487,149,1,1,6,0,1
1549617924923,6,Petición HTTP,200,OK,Grupo de Hilos 1-45,text,true,,489,149,1,1,6,0,1
1549617924933,6,Petición HTTP,200,OK,Grupo de Hilos 1-46,text,true,,488,149,1,1,6,0,1
1549617924944,5,Petición HTTP,200,OK,Grupo de Hilos 1-47,text,true,,489,149,1,1,5,0,0
1549617924954,6,Petición HTTP,200,OK,Grupo de Hilos 1-48,text,true,,487,149,1,1,6,0,0
1549617924964,6,Petición HTTP,200,OK,Grupo de Hilos 1-49,text,true,,488,149,1,1,6,0,1
1549617924975,5,Petición HTTP,200,OK,Grupo de Hilos 1-50,text,true,,488,149,1,1,5,0,0
1549617924985,6,Petición HTTP,200,OK,Grupo de Hilos 1-51,text,true,,486,149,1,1,6,0,1
1549617924995,7,Petición HTTP,200,OK,Grupo de Hilos 1-52,text,true,,487,149,1,1,7,0,1
1549617925006,5,Petición HTTP,200,OK,Grupo de Hilos 1-53,text,true,,486,149,1,1,5,0,0
1549617925016,6,Petición HTTP,200,OK,Grupo de Hilos 1-54,text,true,,490,149,1,1,6,0,0
1549617925026,6,Petición HTTP,200,OK,Grupo de Hilos 1-55,text,true,,488,149,1,1,6,0,1
1549617925037,6,Petición HTTP,200,OK,Grupo de Hilos 1-56,text,true,,488,149,1,1,6,0,0
1549617925050,6,Petición HTTP,200,OK,Grupo de Hilos 1-57,text,true,,489,149,1,1,6,0,1
1549617925060,6,Petición HTTP,200,OK,Grupo de Hilos 1-58,text,true,,487,149,1,1,6,0,1
1549617925071,5,Petición HTTP,200,OK,Grupo de Hilos 1-59,text,true,,487,149,1,1,5,0,0
1549617925081,6,Petición HTTP,200,OK,Grupo de Hilos 1-60,text,true,,489,149,1,1,6,0,0
1549617925091,6,Petición HTTP,200,OK,Grupo de Hilos 1-61,text,true,,487,149,1,1,6,0,1
1549617925101,6,Petición HTTP,200,OK,Grupo de Hilos 1-62,text,true,,488,149,1,1,6,0,1
1549617925112,5,Petición HTTP,200,OK,Grupo de Hilos 1-63,text,true,,489,149,1,1,5,0,0
1549617925122,6,Petición HTTP,200,OK,Grupo de Hilos 1-64,text,true,,488,149,1,1,6,0,0
1549617925132,6,Petición HTTP,200,OK,Grupo de Hilos 1-65,text,true,,487,149,1,1,6,0,1
1549617925142,6,Petición HTTP,200,OK,Grupo de Hilos 1-66,text,true,,489,149,1,1,6,0,1
1549617925152,6,Petición HTTP,200,OK,Grupo de Hilos 1-67,text,true,,488,149,1,1,6,0,1
1549617925163,5,Petición HTTP,200,OK,Grupo de Hilos 1-68,text,true,,488,149,1,1,5,0,0
1549617925173,6,Petición HTTP,200,OK,Grupo de Hilos 1-69,text,true,,488,149,1,1,6,0,0
1549617925183,5,Petición HTTP,200,OK,Grupo de Hilos 1-70,text,true,,487,149,1,1,5,0,0
1549617925194,6,Petición HTTP,200,OK,Grupo de Hilos 1-71,text,true,,488,149,1,1,6,0,0
1549617925204,6,Petición HTTP,200,OK,Grupo de Hilos 1-72,text,true,,489,149,1,1,6,0,0
1549617925220,6,Petición HTTP,200,OK,Grupo de Hilos 1-73,text,true,,488,149,1,1,6,0,1
1549617925234,6,Petición HTTP,200,OK,Grupo de Hilos 1-74,text,true,,488,149,1,1,6,0,1
1549617925245,5,Petición HTTP,200,OK,Grupo de Hilos 1-75,text,true,,488,149,1,1,5,0,0
1549617925258,5,Petición HTTP,200,OK,Grupo de Hilos 1-76,text,true,,487,149,1,1,5,0,0
1549617925268,6,Petición HTTP,200,OK,Grupo de Hilos 1-77,text,true,,488,149,1,1,6,0,1
1549617925278,6,Petición HTTP,200,OK,Grupo de Hilos 1-78,text,true,,489,149,1,1,6,0,1
1549617925289,5,Petición HTTP,200,OK,Grupo de Hilos 1-79,text,true,,488,149,1,1,5,0,0
1549617925299,6,Petición HTTP,200,OK,Grupo de Hilos 1-80,text,true,,488,149,1,1,6,0,0
1549617925310,5,Petición HTTP,200,OK,Grupo de Hilos 1-81,text,true,,488,149,1,1,5,0,0
1549617925320,6,Petición HTTP,200,OK,Grupo de Hilos 1-82,text,true,,488,149,1,1,6,0,0
1549617925330,6,Petición HTTP,200,OK,Grupo de Hilos 1-83,text,true,,487,149,1,1,6,0,1
1549617925341,6,Petición HTTP,200,OK,Grupo de Hilos 1-84,text,true,,489,149,1,1,6,0,0
1549617925351,6,Petición HTTP,200,OK,Grupo de Hilos 1-85,text,true,,487,149,1,1,6,0,1
1549617925362,6,Petición HTTP,200,OK,Grupo de Hilos 1-86,text,true,,487,149,1,1,6,0,1
1549617925372,6,Petición HTTP,200,OK,Grupo de Hilos 1-87,text,true,,486,149,1,1,6,0,1
1549617925383,6,Petición HTTP,200,OK,Grupo de Hilos 1-88,text,true,,489,149,1,1,6,0,0
1549617925394,6,Petición HTTP,200,OK,Grupo de Hilos 1-89,text,true,,486,149,1,1,6,0,0
1549617925412,6,Petición HTTP,200,OK,Grupo de Hilos 1-90,text,true,,488,149,1,1,6,0,0
1549617925425,6,Petición HTTP,200,OK,Grupo de Hilos 1-91,text,true,,488,149,1,1,6,0,0
1549617925435,6,Petición HTTP,200,OK,Grupo de Hilos 1-92,text,true,,488,149,1,1,6,0,1
1549617925450,6,Petición HTTP,200,OK,Grupo de Hilos 1-93,text,true,,488,149,1,1,6,0,0
1549617925462,6,Petición HTTP,200,OK,Grupo de Hilos 1-94,text,true,,488,149,1,1,6,0,1
1549617925478,5,Petición HTTP,200,OK,Grupo de Hilos 1-95,text,true,,487,149,1,1,5,0,0
1549617925502,6,Petición HTTP,200,OK,Grupo de Hilos 1-96,text,true,,488,149,2,2,6,0,1
1549617925507,6,Petición HTTP,200,OK,Grupo de Hilos 1-97,text,true,,488,149,1,1,6,0,0
1549617925522,5,Petición HTTP,200,OK,Grupo de Hilos 1-98,text,true,,489,149,1,1,5,0,0
1549617925533,6,Petición HTTP,200,OK,Grupo de Hilos 1-99,text,true,,488,149,1,1,6,0,1
1549617925544,6,Petición HTTP,200,OK,Grupo de Hilos 1-100,text,true,,486,149,1,1,6,0,1
1549617925554,6,Petición HTTP,200,OK,Grupo de Hilos 1-101,text,true,,487,149,1,1,6,0,1
1549617925565,6,Petición HTTP,200,OK,Grupo de Hilos 1-102,text,true,,488,149,1,1,6,0,0
1549617925576,6,Petición HTTP,200,OK,Grupo de Hilos 1-103,text,true,,489,149,1,1,5,0,0
1549617925586,6,Petición HTTP,200,OK,Grupo de Hilos 1-104,text,true,,489,149,1,1,6,0,0
1549617925596,6,Petición HTTP,200,OK,Grupo de Hilos 1-105,text,true,,488,149,1,1,6,0,1
1549617925607,6,Petición HTTP,200,OK,Grupo de Hilos 1-106,text,true,,489,149,1,1,6,0,0
1549617925619,6,Petición HTTP,200,OK,Grupo de Hilos 1-107,text,true,,488,149,1,1,6,0,0
1549617925629,6,Petición HTTP,200,OK,Grupo de Hilos 1-108,text,true,,488,149,1,1,6,0,1
1549617925640,5,Petición HTTP,200,OK,Grupo de Hilos 1-109,text,true,,488,149,1,1,5,0,0
1549617925650,6,Petición HTTP,200,OK,Grupo de Hilos 1-110,text,true,,488,149,1,1,6,0,0
1549617925661,6,Petición HTTP,200,OK,Grupo de Hilos 1-111,text,true,,488,149,1,1,6,0,0
1549617925671,6,Petición HTTP,200,OK,Grupo de Hilos 1-112,text,true,,488,149,1,1,6,0,0
1549617925682,6,Petición HTTP,200,OK,Grupo de Hilos 1-113,text,true,,487,149,1,1,6,0,0
1549617925692,6,Petición HTTP,200,OK,Grupo de Hilos 1-114,text,true,,488,149,1,1,6,0,0
1549617925703,5,Petición HTTP,200,OK,Grupo de Hilos 1-115,text,true,,488,149,1,1,5,0,0
1549617925713,6,Petición HTTP,200,OK,Grupo de Hilos 1-116,text,true,,487,149,1,1,6,0,1
1549617925723,6,Petición HTTP,200,OK,Grupo de Hilos 1-117,text,true,,490,149,1,1,6,0,1
1549617925734,6,Petición HTTP,200,OK,Grupo de Hilos 1-118,text,true,,488,149,1,1,6,0,1
1549617925744,6,Petición HTTP,200,OK,Grupo de Hilos 1-119,text,true,,488,149,1,1,6,0,1
1549617925762,6,Petición HTTP,200,OK,Grupo de Hilos 1-120,text,true,,487,149,1,1,6,0,1
1549617925781,5,Petición HTTP,200,OK,Grupo de Hilos 1-121,text,true,,489,149,1,1,5,0,0
1549617925795,6,Petición HTTP,200,OK,Grupo de Hilos 1-122,text,true,,488,149,1,1,6,0,1
1549617925805,6,Petición HTTP,200,OK,Grupo de Hilos 1-123,text,true,,488,149,1,1,6,0,0
1549617925817,6,Petición HTTP,200,OK,Grupo de Hilos 1-124,text,true,,488,149,1,1,6,0,1
1549617925829,7,Petición HTTP,200,OK,Grupo de Hilos 1-125,text,true,,489,149,1,1,7,0,1
1549617925841,6,Petición HTTP,200,OK,Grupo de Hilos 1-126,text,true,,488,149,1,1,6,0,0
1549617925864,6,Petición HTTP,200,OK,Grupo de Hilos 1-127,text,true,,487,149,1,1,6,0,0
1549617925875,6,Petición HTTP,200,OK,Grupo de Hilos 1-128,text,true,,487,149,1,1,6,0,1
1549617925886,6,Petición HTTP,200,OK,Grupo de Hilos 1-129,text,true,,488,149,1,1,6,0,0
1549617925901,6,Petición HTTP,200,OK,Grupo de Hilos 1-130,text,true,,487,149,1,1,6,0,1
1549617925912,6,Petición HTTP,200,OK,Grupo de Hilos 1-131,text,true,,486,149,1,1,6,0,0
1549617925923,5,Petición HTTP,200,OK,Grupo de Hilos 1-132,text,true,,487,149,1,1,5,0,0
1549617925933,5,Petición HTTP,200,OK,Grupo de Hilos 1-133,text,true,,488,149,1,1,5,0,0
1549617925944,5,Petición HTTP,200,OK,Grupo de Hilos 1-134,text,true,,488,149,1,1,5,0,0
1549617925954,5,Petición HTTP,200,OK,Grupo de Hilos 1-135,text,true,,488,149,1,1,5,0,0
1549617925964,6,Petición HTTP,200,OK,Grupo de Hilos 1-136,text,true,,489,149,1,1,6,0,0
1549617925975,6,Petición HTTP,200,OK,Grupo de Hilos 1-137,text,true,,488,149,1,1,6,0,0
1549617925985,6,Petición HTTP,200,OK,Grupo de Hilos 1-138,text,true,,488,149,1,1,6,0,0
1549617925995,6,Petición HTTP,200,OK,Grupo de Hilos 1-139,text,true,,490,149,1,1,6,0,1
1549617926017,6,Petición HTTP,200,OK,Grupo de Hilos 1-140,text,true,,489,149,1,1,6,0,1
1549617926028,6,Petición HTTP,200,OK,Grupo de Hilos 1-141,text,true,,488,149,1,1,6,0,0
1549617926042,6,Petición HTTP,200,OK,Grupo de Hilos 1-142,text,true,,488,149,1,1,6,0,1
1549617926053,5,Petición HTTP,200,OK,Grupo de Hilos 1-143,text,true,,487,149,1,1,5,0,0
1549617926063,5,Petición HTTP,200,OK,Grupo de Hilos 1-144,text,true,,487,149,1,1,5,0,0
1549617926073,6,Petición HTTP,200,OK,Grupo de Hilos 1-145,text,true,,486,149,1,1,6,0,0
1549617926083,6,Petición HTTP,200,OK,Grupo de Hilos 1-146,text,true,,488,149,1,1,6,0,0
1549617926093,6,Petición HTTP,200,OK,Grupo de Hilos 1-147,text,true,,488,149,1,1,6,0,1
1549617926104,5,Petición HTTP,200,OK,Grupo de Hilos 1-148,text,true,,488,149,1,1,5,0,0
1549617926114,5,Petición HTTP,200,OK,Grupo de Hilos 1-149,text,true,,487,149,1,1,5,0,0
1549617926124,6,Petición HTTP,200,OK,Grupo de Hilos 1-150,text,true,,487,149,1,1,6,0,0
1549617926134,6,Petición HTTP,200,OK,Grupo de Hilos 1-151,text,true,,488,149,1,1,6,0,1
1549617926144,6,Petición HTTP,200,OK,Grupo de Hilos 1-152,text,true,,488,149,1,1,6,0,1
1549617926155,5,Petición HTTP,200,OK,Grupo de Hilos 1-153,text,true,,489,149,1,1,5,0,0
1549617926170,7,Petición HTTP,200,OK,Grupo de Hilos 1-154,text,true,,489,149,1,1,7,0,0
1549617926182,6,Petición HTTP,200,OK,Grupo de Hilos 1-155,text,true,,488,149,1,1,6,0,0
1549617926192,6,Petición HTTP,200,OK,Grupo de Hilos 1-156,text,true,,490,149,1,1,6,0,1
1549617926202,6,Petición HTTP,200,OK,Grupo de Hilos 1-157,text,true,,489,149,1,1,6,0,1
1549617926213,5,Petición HTTP,200,OK,Grupo de Hilos 1-158,text,true,,489,149,1,1,5,0,0
1549617926223,5,Petición HTTP,200,OK,Grupo de Hilos 1-159,text,true,,488,149,1,1,5,0,0
1549617926233,6,Petición HTTP,200,OK,Grupo de Hilos 1-160,text,true,,487,149,1,1,6,0,0
1549617926243,6,Petición HTTP,200,OK,Grupo de Hilos 1-161,text,true,,488,149,1,1,6,0,1
1549617926254,5,Petición HTTP,200,OK,Grupo de Hilos 1-162,text,true,,487,149,1,1,5,0,0
1549617926264,6,Petición HTTP,200,OK,Grupo de Hilos 1-163,text,true,,488,149,1,1,6,0,0
1549617926274,6,Petición HTTP,200,OK,Grupo de Hilos 1-164,text,true,,488,149,1,1,6,0,1
1549617926284,6,Petición HTTP,200,OK,Grupo de Hilos 1-165,text,true,,488,149,1,1,6,0,1
1549617926295,5,Petición HTTP,200,OK,Grupo de Hilos 1-166,text,true,,488,149,1,1,5,0,0
1549617926305,5,Petición HTTP,200,OK,Grupo de Hilos 1-167,text,true,,488,149,1,1,5,0,0
1549617926315,6,Petición HTTP,200,OK,Grupo de Hilos 1-168,text,true,,489,149,1,1,6,0,1
1549617926325,6,Petición HTTP,200,OK,Grupo de Hilos 1-169,text,true,,488,149,1,1,6,0,1
1549617926336,6,Petición HTTP,200,OK,Grupo de Hilos 1-170,text,true,,488,149,1,1,6,0,0
1549617926346,6,Petición HTTP,200,OK,Grupo de Hilos 1-171,text,true,,488,149,1,1,6,0,0
1549617926356,6,Petición HTTP,200,OK,Grupo de Hilos 1-172,text,true,,489,149,1,1,6,0,0
1549617926365,6,Petición HTTP,200,OK,Grupo de Hilos 1-173,text,true,,487,149,1,1,6,0,0
1549617926376,6,Petición HTTP,200,OK,Grupo de Hilos 1-174,text,true,,488,149,1,1,6,0,1
1549617926387,5,Petición HTTP,200,OK,Grupo de Hilos 1-175,text,true,,488,149,1,1,5,0,0
1549617926397,5,Petición HTTP,200,OK,Grupo de Hilos 1-176,text,true,,489,149,1,1,5,0,0
1549617926407,6,Petición HTTP,200,OK,Grupo de Hilos 1-177,text,true,,486,149,1,1,6,0,0
1549617926417,6,Petición HTTP,200,OK,Grupo de Hilos 1-178,text,true,,489,149,1,1,6,0,1
1549617926428,5,Petición HTTP,200,OK,Grupo de Hilos 1-179,text,true,,488,149,1,1,5,0,0
1549617926438,5,Petición HTTP,200,OK,Grupo de Hilos 1-180,text,true,,487,149,1,1,5,0,0
1549617926448,6,Petición HTTP,200,OK,Grupo de Hilos 1-181,text,true,,488,149,1,1,6,0,0
1549617926458,6,Petición HTTP,200,OK,Grupo de Hilos 1-182,text,true,,489,149,1,1,6,0,0
1549617926468,6,Petición HTTP,200,OK,Grupo de Hilos 1-183,text,true,,489,149,1,1,6,0,1
1549617926479,5,Petición HTTP,200,OK,Grupo de Hilos 1-184,text,true,,487,149,1,1,5,0,0
1549617926489,5,Petición HTTP,200,OK,Grupo de Hilos 1-185,text,true,,489,149,1,1,5,0,0
1549617926499,6,Petición HTTP,200,OK,Grupo de Hilos 1-186,text,true,,488,149,1,1,6,0,0
1549617926509,6,Petición HTTP,200,OK,Grupo de Hilos 1-187,text,true,,489,149,1,1,6,0,1
1549617926519,6,Petición HTTP,200,OK,Grupo de Hilos 1-188,text,true,,487,149,1,1,6,0,1
1549617926530,6,Petición HTTP,200,OK,Grupo de Hilos 1-189,text,true,,488,149,1,1,5,0,0
1549617926540,5,Petición HTTP,200,OK,Grupo de Hilos 1-190,text,true,,487,149,1,1,5,0,0
1549617926549,6,Petición HTTP,200,OK,Grupo de Hilos 1-191,text,true,,487,149,1,1,6,0,0
1549617926560,6,Petición HTTP,200,OK,Grupo de Hilos 1-192,text,true,,489,149,1,1,6,0,1
1549617926571,6,Petición HTTP,200,OK,Grupo de Hilos 1-193,text,true,,489,149,1,1,6,0,0
1549617926581,6,Petición HTTP,200,OK,Grupo de Hilos 1-194,text,true,,488,149,1,1,6,0,0
1549617926591,6,Petición HTTP,200,OK,Grupo de Hilos 1-195,text,true,,487,149,1,1,6,0,0
1549617926601,6,Petición HTTP,200,OK,Grupo de Hilos 1-196,text,true,,486,149,1,1,6,0,0
1549617926612,5,Petición HTTP,200,OK,Grupo de Hilos 1-197,text,true,,489,149,1,1,5,0,0
1549617926622,5,Petición HTTP,200,OK,Grupo de Hilos 1-198,text,true,,488,149,1,1,5,0,0
1549617926632,6,Petición HTTP,200,OK,Grupo de Hilos 1-199,text,true,,488,149,1,1,6,0,1
1549617926642,6,Petición HTTP,200,OK,Grupo de Hilos 1-200,text,true,,488,149,1,1,6,0,0
1549617926652,6,Petición HTTP,200,OK,Grupo de Hilos 1-201,text,true,,488,149,1,1,6,0,1
1549617926663,5,Petición HTTP,200,OK,Grupo de Hilos 1-202,text,true,,488,149,1,1,5,0,0
1549617926673,6,Petición HTTP,200,OK,Grupo de Hilos 1-203,text,true,,488,149,1,1,6,0,0
1549617926683,6,Petición HTTP,200,OK,Grupo de Hilos 1-204,text,true,,488,149,1,1,6,0,0
1549617926693,6,Petición HTTP,200,OK,Grupo de Hilos 1-205,text,true,,487,149,1,1,6,0,1
1549617926703,6,Petición HTTP,200,OK,Grupo de Hilos 1-206,text,true,,487,149,1,1,6,0,1
1549617926714,5,Petición HTTP,200,OK,Grupo de Hilos 1-207,text,true,,488,149,1,1,5,0,0
1549617926724,5,Petición HTTP,200,OK,Grupo de Hilos 1-208,text,true,,488,149,1,1,5,0,0
1549617926734,6,Petición HTTP,200,OK,Grupo de Hilos 1-209,text,true,,489,149,1,1,6,0,0
1549617926744,6,Petición HTTP,200,OK,Grupo de Hilos 1-210,text,true,,488,149,1,1,6,0,1
1549617926754,6,Petición HTTP,200,OK,Grupo de Hilos 1-211,text,true,,487,149,1,1,6,0,1
1549617926765,6,Petición HTTP,200,OK,Grupo de Hilos 1-212,text,true,,487,149,1,1,6,0,0
1549617926775,6,Petición HTTP,200,OK,Grupo de Hilos 1-213,text,true,,488,149,1,1,6,0,0
1549617926784,6,Petición HTTP,200,OK,Grupo de Hilos 1-214,text,true,,487,149,1,1,6,0,1
1549617926795,6,Petición HTTP,200,OK,Grupo de Hilos 1-215,text,true,,488,149,1,1,6,0,1
1549617926806,5,Petición HTTP,200,OK,Grupo de Hilos 1-216,text,true,,487,149,1,1,5,0,0
1549617926816,6,Petición HTTP,200,OK,Grupo de Hilos 1-217,text,true,,488,149,1,1,6,0,0
1549617926826,6,Petición HTTP,200,OK,Grupo de Hilos 1-218,text,true,,489,149,1,1,6,0,1
1549617926836,6,Petición HTTP,200,OK,Grupo de Hilos 1-219,text,true,,489,149,1,1,6,0,1
1549617926846,6,Petición HTTP,200,OK,Grupo de Hilos 1-220,text,true,,489,149,1,1,6,0,1
1549617926857,5,Petición HTTP,200,OK,Grupo de Hilos 1-221,text,true,,486,149,1,1,5,0,0
1549617926867,6,Petición HTTP,200,OK,Grupo de Hilos 1-222,text,true,,489,149,1,1,6,0,0
1549617926876,6,Petición HTTP,200,OK,Grupo de Hilos 1-223,text,true,,488,149,1,1,6,0,0
1549617926887,6,Petición HTTP,200,OK,Grupo de Hilos 1-224,text,true,,487,149,1,1,6,0,1
1549617926898,5,Petición HTTP,200,OK,Grupo de Hilos 1-225,text,true,,488,149,1,1,5,0,0
1549617926908,6,Petición HTTP,200,OK,Grupo de Hilos 1-226,text,true,,489,149,1,1,6,0,0
1549617926918,6,Petición HTTP,200,OK,Grupo de Hilos 1-227,text,true,,488,149,1,1,6,0,0
1549617926927,6,Petición HTTP,200,OK,Grupo de Hilos 1-228,text,true,,488,149,1,1,6,0,0
1549617926938,6,Petición HTTP,200,OK,Grupo de Hilos 1-229,text,true,,487,149,1,1,6,0,1
1549617926950,5,Petición HTTP,200,OK,Grupo de Hilos 1-230,text,true,,488,149,1,1,5,0,0
1549617926960,5,Petición HTTP,200,OK,Grupo de Hilos 1-231,text,true,,488,149,1,1,5,0,0
1549617926970,6,Petición HTTP,200,OK,Grupo de Hilos 1-232,text,true,,488,149,1,1,6,0,0
1549617926979,6,Petición HTTP,200,OK,Grupo de Hilos 1-233,text,true,,489,149,1,1,6,0,1
1549617926990,6,Petición HTTP,200,OK,Grupo de Hilos 1-234,text,true,,489,149,1,1,6,0,1
1549617927001,5,Petición HTTP,200,OK,Grupo de Hilos 1-235,text,true,,487,149,1,1,5,0,0
1549617927011,6,Petición HTTP,200,OK,Grupo de Hilos 1-236,text,true,,488,149,1,1,6,0,0
1549617927021,6,Petición HTTP,200,OK,Grupo de Hilos 1-237,text,true,,488,149,1,1,6,0,0
1549617927031,6,Petición HTTP,200,OK,Grupo de Hilos 1-238,text,true,,489,149,1,1,6,0,1
1549617927042,5,Petición HTTP,200,OK,Grupo de Hilos 1-239,text,true,,487,149,1,1,5,0,0
1549617927052,5,Petición HTTP,200,OK,Grupo de Hilos 1-240,text,true,,486,149,1,1,5,0,0
1549617927062,6,Petición HTTP,200,OK,Grupo de Hilos 1-241,text,true,,489,149,1,1,6,0,0
1549617927081,6,Petición HTTP,200,OK,Grupo de Hilos 1-242,text,true,,488,149,2,2,6,0,0
1549617927087,5,Petición HTTP,200,OK,Grupo de Hilos 1-243,text,true,,488,149,1,1,5,0,0
1549617927097,5,Petición HTTP,200,OK,Grupo de Hilos 1-244,text,true,,489,149,1,1,5,0,0
1549617927110,6,Petición HTTP,200,OK,Grupo de Hilos 1-245,text,true,,488,149,1,1,6,0,0
1549617927120,6,Petición HTTP,200,OK,Grupo de Hilos 1-246,text,true,,488,149,1,1,6,0,0
1549617927130,5,Petición HTTP,200,OK,Grupo de Hilos 1-247,text,true,,488,149,1,1,5,0,0
1549617927141,6,Petición HTTP,200,OK,Grupo de Hilos 1-248,text,true,,487,149,1,1,6,0,0
1549617927150,6,Petición HTTP,200,OK,Grupo de Hilos 1-249,text,true,,487,149,1,1,6,0,0
1549617927159,6,Petición HTTP,200,OK,Grupo de Hilos 1-250,text,true,,490,149,1,1,6,0,1
1549617927170,5,Petición HTTP,200,OK,Grupo de Hilos 1-251,text,true,,488,149,1,1,5,0,0
1549617927179,7,Petición HTTP,200,OK,Grupo de Hilos 1-252,text,true,,487,149,1,1,7,0,1
1549617927190,5,Petición HTTP,200,OK,Grupo de Hilos 1-253,text,true,,487,149,1,1,5,0,0
1549617927199,6,Petición HTTP,200,OK,Grupo de Hilos 1-254,text,true,,488,149,1,1,6,0,1
1549617927211,6,Petición HTTP,200,OK,Grupo de Hilos 1-255,text,true,,487,149,1,1,6,0,1
1549617927222,6,Petición HTTP,200,OK,Grupo de Hilos 1-256,text,true,,489,149,1,1,6,0,1
1549617927236,6,Petición HTTP,200,OK,Grupo de Hilos 1-257,text,true,,488,149,1,1,6,0,1
1549617927253,6,Petición HTTP,200,OK,Grupo de Hilos 1-258,text,true,,488,149,1,1,6,0,1
1549617927265,5,Petición HTTP,200,OK,Grupo de Hilos 1-259,text,true,,489,149,1,1,5,0,0
1549617927274,6,Petición HTTP,200,OK,Grupo de Hilos 1-260,text,true,,490,149,1,1,6,0,1
1549617927289,6,Petición HTTP,200,OK,Grupo de Hilos 1-261,text,true,,488,149,1,1,6,0,0
1549617927298,6,Petición HTTP,200,OK,Grupo de Hilos 1-262,text,true,,489,149,1,1,6,0,1
1549617927312,6,Petición HTTP,200,OK,Grupo de Hilos 1-263,text,true,,487,149,1,1,6,0,1
1549617927321,6,Petición HTTP,200,OK,Grupo de Hilos 1-264,text,true,,487,149,1,1,6,0,0
1549617927336,6,Petición HTTP,200,OK,Grupo de Hilos 1-265,text,true,,487,149,1,1,6,0,0
1549617927345,6,Petición HTTP,200,OK,Grupo de Hilos 1-266,text,true,,489,149,1,1,6,0,0
1549617927356,6,Petición HTTP,200,OK,Grupo de Hilos 1-267,text,true,,488,149,1,1,6,0,1
1549617927366,6,Petición HTTP,200,OK,Grupo de Hilos 1-268,text,true,,488,149,1,1,6,0,1
1549617927380,6,Petición HTTP,200,OK,Grupo de Hilos 1-269,text,true,,489,149,1,1,6,0,0
1549617927393,6,Petición HTTP,200,OK,Grupo de Hilos 1-270,text,true,,488,149,1,1,6,0,1
1549617927405,6,Petición HTTP,200,OK,Grupo de Hilos 1-271,text,true,,487,149,1,1,6,0,1
1549617927415,6,Petición HTTP,200,OK,Grupo de Hilos 1-272,text,true,,489,149,1,1,6,0,1
1549617927426,5,Petición HTTP,200,OK,Grupo de Hilos 1-273,text,true,,487,149,1,1,5,0,0
1549617927436,6,Petición HTTP,200,OK,Grupo de Hilos 1-274,text,true,,487,149,1,1,6,0,0
1549617927446,5,Petición HTTP,200,OK,Grupo de Hilos 1-275,text,true,,489,149,1,1,5,0,0
1549617927456,6,Petición HTTP,200,OK,Grupo de Hilos 1-276,text,true,,487,149,1,1,5,0,0
1549617927468,6,Petición HTTP,200,OK,Grupo de Hilos 1-277,text,true,,488,149,1,1,6,0,0
1549617927477,6,Petición HTTP,200,OK,Grupo de Hilos 1-278,text,true,,488,149,1,1,6,0,0
1549617927495,6,Petición HTTP,200,OK,Grupo de Hilos 1-279,text,true,,490,149,1,1,6,0,1
1549617927506,6,Petición HTTP,200,OK,Grupo de Hilos 1-280,text,true,,487,149,1,1,6,0,1
1549617927520,6,Petición HTTP,200,OK,Grupo de Hilos 1-281,text,true,,487,149,1,1,6,0,0
1549617927530,6,Petición HTTP,200,OK,Grupo de Hilos 1-282,text,true,,488,149,1,1,6,0,0
1549617927540,6,Petición HTTP,200,OK,Grupo de Hilos 1-283,text,true,,488,149,1,1,6,0,1
1549617927551,5,Petición HTTP,200,OK,Grupo de Hilos 1-284,text,true,,489,149,1,1,5,0,0
1549617927561,5,Petición HTTP,200,OK,Grupo de Hilos 1-285,text,true,,487,149,1,1,5,0,0
1549617927571,5,Petición HTTP,200,OK,Grupo de Hilos 1-286,text,true,,489,149,1,1,5,0,0
1549617927580,6,Petición HTTP,200,OK,Grupo de Hilos 1-287,text,true,,488,149,1,1,6,0,0
1549617927591,6,Petición HTTP,200,OK,Grupo de Hilos 1-288,text,true,,489,149,1,1,6,0,1
1549617927602,5,Petición HTTP,200,OK,Grupo de Hilos 1-289,text,true,,488,149,1,1,5,0,0
1549617927612,6,Petición HTTP,200,OK,Grupo de Hilos 1-290,text,true,,488,149,1,1,6,0,0
1549617927622,5,Petición HTTP,200,OK,Grupo de Hilos 1-291,text,true,,487,149,1,1,5,0,0
1549617927632,6,Petición HTTP,200,OK,Grupo de Hilos 1-292,text,true,,489,149,1,1,6,0,0
1549617927642,6,Petición HTTP,200,OK,Grupo de Hilos 1-293,text,true,,487,149,1,1,6,0,1
1549617927653,5,Petición HTTP,200,OK,Grupo de Hilos 1-294,text,true,,487,149,1,1,5,0,0
1549617927663,5,Petición HTTP,200,OK,Grupo de Hilos 1-295,text,true,,488,149,1,1,5,0,0
1549617927672,6,Petición HTTP,200,OK,Grupo de Hilos 1-296,text,true,,488,149,1,1,6,0,0
1549617927683,6,Petición HTTP,200,OK,Grupo de Hilos 1-297,text,true,,489,149,1,1,6,0,1
1549617927694,5,Petición HTTP,200,OK,Grupo de Hilos 1-298,text,true,,487,149,1,1,5,0,0
1549617927704,5,Petición HTTP,200,OK,Grupo de Hilos 1-299,text,true,,488,149,1,1,5,0,0
1549617927714,6,Petición HTTP,200,OK,Grupo de Hilos 1-300,text,true,,487,149,1,1,6,0,0
1549617927728,6,Petición HTTP,200,OK,Grupo de Hilos 1-301,text,true,,487,149,1,1,6,0,0
1549617927737,6,Petición HTTP,200,OK,Grupo de Hilos 1-302,text,true,,489,149,1,1,6,0,0
1549617927748,6,Petición HTTP,200,OK,Grupo de Hilos 1-303,text,true,,489,149,1,1,6,0,1
1549617927758,6,Petición HTTP,200,OK,Grupo de Hilos 1-304,text,true,,488,149,1,1,6,0,1
1549617927768,6,Petición HTTP,200,OK,Grupo de Hilos 1-305,text,true,,486,149,1,1,6,0,1
1549617927779,5,Petición HTTP,200,OK,Grupo de Hilos 1-306,text,true,,488,149,1,1,5,0,0
1549617927789,6,Petición HTTP,200,OK,Grupo de Hilos 1-307,text,true,,489,149,1,1,6,0,0
1549617927798,6,Petición HTTP,200,OK,Grupo de Hilos 1-308,text,true,,487,149,1,1,6,0,0
1549617927809,6,Petición HTTP,200,OK,Grupo de Hilos 1-309,text,true,,488,149,1,1,6,0,1
1549617927820,6,Petición HTTP,200,OK,Grupo de Hilos 1-310,text,true,,488,149,1,1,6,0,0
1549617927830,6,Petición HTTP,200,OK,Grupo de Hilos 1-311,text,true,,487,149,1,1,6,0,0
1549617927840,6,Petición HTTP,200,OK,Grupo de Hilos 1-312,text,true,,487,149,1,1,6,0,1
1549617927850,6,Petición HTTP,200,OK,Grupo de Hilos 1-313,text,true,,487,149,1,1,6,0,1
1549617927861,5,Petición HTTP,200,OK,Grupo de Hilos 1-314,text,true,,487,149,1,1,5,0,0
1549617927871,6,Petición HTTP,200,OK,Grupo de Hilos 1-315,text,true,,488,149,1,1,6,0,0
1549617927882,5,Petición HTTP,200,OK,Grupo de Hilos 1-316,text,true,,489,149,1,1,5,0,0
1549617927892,5,Petición HTTP,200,OK,Grupo de Hilos 1-317,text,true,,487,149,1,1,5,0,0
1549617927902,6,Petición HTTP,200,OK,Grupo de Hilos 1-318,text,true,,487,149,1,1,6,0,0
1549617927914,5,Petición HTTP,200,OK,Grupo de Hilos 1-319,text,true,,489,149,1,1,5,0,0
1549617927924,6,Petición HTTP,200,OK,Grupo de Hilos 1-320,text,true,,489,149,1,1,6,0,0
1549617927934,6,Petición HTTP,200,OK,Grupo de Hilos 1-321,text,true,,487,149,1,1,6,0,1
1549617927945,5,Petición HTTP,200,OK,Grupo de Hilos 1-322,text,true,,488,149,1,1,5,0,0
1549617927955,5,Petición HTTP,200,OK,Grupo de Hilos 1-323,text,true,,488,149,1,1,5,0,0
1549617927965,5,Petición HTTP,200,OK,Grupo de Hilos 1-324,text,true,,487,149,1,1,5,0,0
1549617927975,5,Petición HTTP,200,OK,Grupo de Hilos 1-325,text,true,,488,149,1,1,5,0,0
1549617927985,5,Petición HTTP,200,OK,Grupo de Hilos 1-326,text,true,,488,149,1,1,5,0,0
1549617927995,6,Petición HTTP,200,OK,Grupo de Hilos 1-327,text,true,,488,149,1,1,5,0,0
1549617928005,5,Petición HTTP,200,OK,Grupo de Hilos 1-328,text,true,,488,149,1,1,5,0,0
1549617928014,6,Petición HTTP,200,OK,Grupo de Hilos 1-329,text,true,,487,149,1,1,6,0,0
1549617928024,6,Petición HTTP,200,OK,Grupo de Hilos 1-330,text,true,,489,149,1,1,6,0,0
1549617928034,6,Petición HTTP,200,OK,Grupo de Hilos 1-331,text,true,,488,149,1,1,6,0,0
1549617928045,6,Petición HTTP,200,OK,Grupo de Hilos 1-332,text,true,,487,149,1,1,6,0,1
1549617928055,6,Petición HTTP,200,OK,Grupo de Hilos 1-333,text,true,,489,149,1,1,6,0,1
1549617928068,6,Petición HTTP,200,OK,Grupo de Hilos 1-334,text,true,,488,149,1,1,6,0,0
1549617928078,5,Petición HTTP,200,OK,Grupo de Hilos 1-335,text,true,,490,149,1,1,5,0,0
1549617928088,6,Petición HTTP,200,OK,Grupo de Hilos 1-336,text,true,,488,149,1,1,6,0,0
1549617928098,5,Petición HTTP,200,OK,Grupo de Hilos 1-337,text,true,,486,149,1,1,5,0,0
1549617928107,6,Petición HTTP,200,OK,Grupo de Hilos 1-338,text,true,,489,149,1,1,6,0,1
1549617928117,6,Petición HTTP,200,OK,Grupo de Hilos 1-339,text,true,,490,149,1,1,6,0,1
1549617928128,6,Petición HTTP,200,OK,Grupo de Hilos 1-340,text,true,,489,149,1,1,6,0,1
1549617928138,6,Petición HTTP,200,OK,Grupo de Hilos 1-341,text,true,,487,149,1,1,6,0,1
1549617928149,5,Petición HTTP,200,OK,Grupo de Hilos 1-342,text,true,,487,149,1,1,5,0,0
1549617928159,5,Petición HTTP,200,OK,Grupo de Hilos 1-343,text,true,,488,149,1,1,5,0,0
1549617928169,5,Petición HTTP,200,OK,Grupo de Hilos 1-344,text,true,,488,149,1,1,5,0,0
1549617928179,5,Petición HTTP,200,OK,Grupo de Hilos 1-345,text,true,,487,149,1,1,5,0,0
1549617928189,6,Petición HTTP,200,OK,Grupo de Hilos 1-346,text,true,,487,149,1,1,6,0,0
1549617928199,6,Petición HTTP,200,OK,Grupo de Hilos 1-347,text,true,,488,149,1,1,6,0,0
1549617928208,5,Petición HTTP,200,OK,Grupo de Hilos 1-348,text,true,,489,149,1,1,5,0,0
1549617928220,6,Petición HTTP,200,OK,Grupo de Hilos 1-349,text,true,,489,149,1,1,6,0,0
1549617928230,5,Petición HTTP,200,OK,Grupo de Hilos 1-350,text,true,,488,149,1,1,5,0,0
1549617928240,5,Petición HTTP,200,OK,Grupo de Hilos 1-351,text,true,,488,149,1,1,5,0,0
1549617928254,5,Petición HTTP,200,OK,Grupo de Hilos 1-352,text,true,,488,149,2,2,5,0,0
1549617928259,6,Petición HTTP,200,OK,Grupo de Hilos 1-353,text,true,,488,149,1,1,6,0,1
1549617928270,6,Petición HTTP,200,OK,Grupo de Hilos 1-354,text,true,,487,149,1,1,6,0,1
1549617928280,6,Petición HTTP,200,OK,Grupo de Hilos 1-355,text,true,,487,149,1,1,6,0,1
1549617928291,5,Petición HTTP,200,OK,Grupo de Hilos 1-356,text,true,,489,149,1,1,5,0,0
1549617928301,5,Petición HTTP,200,OK,Grupo de Hilos 1-357,text,true,,488,149,1,1,5,0,0
1549617928311,5,Petición HTTP,200,OK,Grupo de Hilos 1-358,text,true,,487,149,1,1,5,0,0
1549617928320,6,Petición HTTP,200,OK,Grupo de Hilos 1-359,text,true,,488,149,1,1,6,0,0
1549617928330,6,Petición HTTP,200,OK,Grupo de Hilos 1-360,text,true,,489,149,1,1,6,0,1
1549617928341,6,Petición HTTP,200,OK,Grupo de Hilos 1-361,text,true,,487,149,1,1,6,0,1
1549617928353,6,Petición HTTP,200,OK,Grupo de Hilos 1-362,text,true,,487,149,1,1,6,0,1
1549617928364,5,Petición HTTP,200,OK,Grupo de Hilos 1-363,text,true,,487,149,1,1,5,0,0
1549617928373,6,Petición HTTP,200,OK,Grupo de Hilos 1-364,text,true,,488,149,1,1,6,0,1
1549617928386,6,Petición HTTP,200,OK,Grupo de Hilos 1-365,text,true,,488,149,1,1,6,0,1
1549617928397,5,Petición HTTP,200,OK,Grupo de Hilos 1-366,text,true,,488,149,1,1,5,0,0
1549617928407,6,Petición HTTP,200,OK,Grupo de Hilos 1-367,text,true,,487,149,1,1,6,0,0
1549617928416,6,Petición HTTP,200,OK,Grupo de Hilos 1-368,text,true,,489,149,1,1,6,0,0
1549617928428,5,Petición HTTP,200,OK,Grupo de Hilos 1-369,text,true,,487,149,1,1,5,0,0
1549617928438,6,Petición HTTP,200,OK,Grupo de Hilos 1-370,text,true,,488,149,1,1,6,0,0
1549617928447,6,Petición HTTP,200,OK,Grupo de Hilos 1-371,text,true,,488,149,1,1,6,0,0
1549617928457,6,Petición HTTP,200,OK,Grupo de Hilos 1-372,text,true,,488,149,1,1,6,0,1
1549617928469,5,Petición HTTP,200,OK,Grupo de Hilos 1-373,text,true,,488,149,1,1,5,0,0
1549617928479,5,Petición HTTP,200,OK,Grupo de Hilos 1-374,text,true,,487,149,1,1,5,0,0
1549617928489,5,Petición HTTP,200,OK,Grupo de Hilos 1-375,text,true,,487,149,1,1,5,0,0
1549617928498,6,Petición HTTP,200,OK,Grupo de Hilos 1-376,text,true,,489,149,1,1,6,0,0
1549617928508,6,Petición HTTP,200,OK,Grupo de Hilos 1-377,text,true,,488,149,1,1,6,0,0
1549617928519,6,Petición HTTP,200,OK,Grupo de Hilos 1-378,text,true,,488,149,1,1,6,0,1
1549617928530,5,Petición HTTP,200,OK,Grupo de Hilos 1-379,text,true,,489,149,1,1,5,0,0
1549617928540,6,Petición HTTP,200,OK,Grupo de Hilos 1-380,text,true,,488,149,1,1,6,0,0
1549617928550,6,Petición HTTP,200,OK,Grupo de Hilos 1-381,text,true,,488,149,1,1,6,0,0
1549617928565,5,Petición HTTP,200,OK,Grupo de Hilos 1-382,text,true,,487,149,1,1,5,0,0
1549617928578,6,Petición HTTP,200,OK,Grupo de Hilos 1-383,text,true,,488,149,1,1,6,0,0
1549617928589,6,Petición HTTP,200,OK,Grupo de Hilos 1-384,text,true,,488,149,1,1,6,0,1
1549617928607,6,Petición HTTP,200,OK,Grupo de Hilos 1-385,text,true,,489,149,1,1,6,0,1
1549617928619,6,Petición HTTP,200,OK,Grupo de Hilos 1-386,text,true,,489,149,1,1,6,0,0
1549617928631,6,Petición HTTP,200,OK,Grupo de Hilos 1-387,text,true,,488,149,1,1,6,0,0
1549617928642,6,Petición HTTP,200,OK,Grupo de Hilos 1-388,text,true,,487,149,1,1,6,0,1
1549617928653,5,Petición HTTP,200,OK,Grupo de Hilos 1-389,text,true,,488,149,1,1,5,0,0
1549617928663,5,Petición HTTP,200,OK,Grupo de Hilos 1-390,text,true,,488,149,1,1,5,0,0
1549617928673,5,Petición HTTP,200,OK,Grupo de Hilos 1-391,text,true,,489,149,1,1,5,0,0
1549617928683,6,Petición HTTP,200,OK,Grupo de Hilos 1-392,text,true,,487,149,1,1,6,0,0
1549617928692,6,Petición HTTP,200,OK,Grupo de Hilos 1-393,text,true,,488,149,1,1,6,0,0
1549617928703,6,Petición HTTP,200,OK,Grupo de Hilos 1-394,text,true,,489,149,1,1,6,0,1
1549617928714,5,Petición HTTP,200,OK,Grupo de Hilos 1-395,text,true,,489,149,1,1,5,0,0
1549617928724,5,Petición HTTP,200,OK,Grupo de Hilos 1-396,text,true,,487,149,1,1,5,0,0
1549617928734,6,Petición HTTP,200,OK,Grupo de Hilos 1-397,text,true,,489,149,1,1,5,0,0
1549617928743,6,Petición HTTP,200,OK,Grupo de Hilos 1-398,text,true,,488,149,1,1,6,0,0
1549617928754,6,Petición HTTP,200,OK,Grupo de Hilos 1-399,text,true,,487,149,1,1,6,0,1
1549617928764,6,Petición HTTP,200,OK,Grupo de Hilos 1-400,text,true,,488,149,1,1,6,0,1
1549617928775,5,Petición HTTP,200,OK,Grupo de Hilos 1-401,text,true,,489,149,1,1,5,0,0
1549617928785,6,Petición HTTP,200,OK,Grupo de Hilos 1-402,text,true,,488,149,1,1,6,0,0
1549617928795,5,Petición HTTP,200,OK,Grupo de Hilos 1-403,text,true,,489,149,1,1,5,0,0
1549617928804,6,Petición HTTP,200,OK,Grupo de Hilos 1-404,text,true,,489,149,1,1,6,0,1
1549617928815,6,Petición HTTP,200,OK,Grupo de Hilos 1-405,text,true,,487,149,1,1,6,0,1
1549617928825,6,Petición HTTP,200,OK,Grupo de Hilos 1-406,text,true,,488,149,1,1,6,0,1
1549617928836,6,Petición HTTP,200,OK,Grupo de Hilos 1-407,text,true,,488,149,1,1,6,0,0
1549617928846,5,Petición HTTP,200,OK,Grupo de Hilos 1-408,text,true,,488,149,1,1,5,0,0
1549617928856,6,Petición HTTP,200,OK,Grupo de Hilos 1-409,text,true,,487,149,1,1,6,0,0
1549617928865,6,Petición HTTP,200,OK,Grupo de Hilos 1-410,text,true,,488,149,1,1,6,0,1
1549617928876,6,Petición HTTP,200,OK,Grupo de Hilos 1-411,text,true,,488,149,1,1,6,0,1
1549617928887,5,Petición HTTP,200,OK,Grupo de Hilos 1-412,text,true,,487,149,1,1,5,0,0
1549617928897,5,Petición HTTP,200,OK,Grupo de Hilos 1-413,text,true,,488,149,1,1,5,0,0
1549617928907,5,Petición HTTP,200,OK,Grupo de Hilos 1-414,text,true,,486,149,1,1,5,0,0
1549617928916,6,Petición HTTP,200,OK,Grupo de Hilos 1-415,text,true,,487,149,1,1,6,0,0
1549617928926,6,Petición HTTP,200,OK,Grupo de Hilos 1-416,text,true,,488,149,1,1,6,0,1
1549617928943,6,Petición HTTP,200,OK,Grupo de Hilos 1-417,text,true,,487,149,1,1,6,0,0
1549617928954,6,Petición HTTP,200,OK,Grupo de Hilos 1-418,text,true,,487,149,1,1,6,0,1
1549617928970,5,Petición HTTP,200,OK,Grupo de Hilos 1-419,text,true,,488,149,1,1,5,0,0
1549617928979,6,Petición HTTP,200,OK,Grupo de Hilos 1-420,text,true,,487,149,1,1,6,0,0
1549617928989,6,Petición HTTP,200,OK,Grupo de Hilos 1-421,text,true,,488,149,1,1,6,0,1
1549617929000,6,Petición HTTP,200,OK,Grupo de Hilos 1-422,text,true,,488,149,1,1,6,0,1
1549617929011,5,Petición HTTP,200,OK,Grupo de Hilos 1-423,text,true,,488,149,1,1,5,0,0
1549617929021,5,Petición HTTP,200,OK,Grupo de Hilos 1-424,text,true,,488,149,1,1,5,0,0
1549617929031,5,Petición HTTP,200,OK,Grupo de Hilos 1-425,text,true,,490,149,1,1,5,0,0
1549617929040,6,Petición HTTP,200,OK,Grupo de Hilos 1-426,text,true,,488,149,1,1,6,0,0
1549617929050,6,Petición HTTP,200,OK,Grupo de Hilos 1-427,text,true,,489,149,1,1,6,0,0
1549617929062,5,Petición HTTP,200,OK,Grupo de Hilos 1-428,text,true,,487,149,1,1,5,0,0
1549617929071,6,Petición HTTP,200,OK,Grupo de Hilos 1-429,text,true,,489,149,1,1,6,0,1
1549617929082,6,Petición HTTP,200,OK,Grupo de Hilos 1-430,text,true,,488,149,1,1,6,0,1
1549617929093,5,Petición HTTP,200,OK,Grupo de Hilos 1-431,text,true,,488,149,1,1,5,0,0
1549617929103,5,Petición HTTP,200,OK,Grupo de Hilos 1-432,text,true,,488,149,1,1,5,0,0
1549617929113,5,Petición HTTP,200,OK,Grupo de Hilos 1-433,text,true,,486,149,1,1,5,0,0
1549617929122,5,Petición HTTP,200,OK,Grupo de Hilos 1-434,text,true,,488,149,1,1,5,0,0
1549617929132,6,Petición HTTP,200,OK,Grupo de Hilos 1-435,text,true,,488,149,1,1,6,0,0
1549617929143,6,Petición HTTP,200,OK,Grupo de Hilos 1-436,text,true,,489,149,1,1,6,0,1
1549617929153,6,Petición HTTP,200,OK,Grupo de Hilos 1-437,text,true,,489,149,1,1,6,0,1
1549617929164,5,Petición HTTP,200,OK,Grupo de Hilos 1-438,text,true,,487,149,1,1,5,0,0
1549617929174,5,Petición HTTP,200,OK,Grupo de Hilos 1-439,text,true,,488,149,1,1,5,0,0
1549617929184,5,Petición HTTP,200,OK,Grupo de Hilos 1-440,text,true,,488,149,1,1,5,0,0
1549617929193,6,Petición HTTP,200,OK,Grupo de Hilos 1-441,text,true,,488,149,1,1,6,0,0
1549617929203,6,Petición HTTP,200,OK,Grupo de Hilos 1-442,text,true,,488,149,1,1,6,0,1
1549617929217,5,Petición HTTP,200,OK,Grupo de Hilos 1-443,text,true,,488,149,1,1,5,0,0
1549617929226,6,Petición HTTP,200,OK,Grupo de Hilos 1-444,text,true,,487,149,1,1,6,0,0
1549617929236,6,Petición HTTP,200,OK,Grupo de Hilos 1-445,text,true,,487,149,1,1,6,0,1
1549617929247,6,Petición HTTP,200,OK,Grupo de Hilos 1-446,text,true,,487,149,1,1,6,0,1
1549617929258,5,Petición HTTP,200,OK,Grupo de Hilos 1-447,text,true,,487,149,1,1,5,0,0
1549617929268,5,Petición HTTP,200,OK,Grupo de Hilos 1-448,text,true,,487,149,1,1,5,0,0
1549617929278,6,Petición HTTP,200,OK,Grupo de Hilos 1-449,text,true,,487,149,1,1,6,0,0
1549617929287,17,Petición HTTP,200,OK,Grupo de Hilos 1-450,text,true,,488,149,2,2,17,0,1
1549617929304,6,Petición HTTP,200,OK,Grupo de Hilos 1-451,text,true,,489,149,2,2,6,0,0
1549617929309,9,Petición HTTP,200,OK,Grupo de Hilos 1-452,text,true,,489,149,1,1,9,0,1
1549617929319,5,Petición HTTP,200,OK,Grupo de Hilos 1-453,text,true,,486,149,1,1,5,0,0
1549617929329,5,Petición HTTP,200,OK,Grupo de Hilos 1-454,text,true,,489,149,1,1,5,0,0
1549617929339,5,Petición HTTP,200,OK,Grupo de Hilos 1-455,text,true,,487,149,1,1,5,0,0
1549617929348,5,Petición HTTP,200,OK,Grupo de Hilos 1-456,text,true,,489,149,1,1,5,0,0
1549617929358,6,Petición HTTP,200,OK,Grupo de Hilos 1-457,text,true,,487,149,1,1,6,0,1
1549617929369,6,Petición HTTP,200,OK,Grupo de Hilos 1-458,text,true,,487,149,1,1,6,0,1
1549617929380,5,Petición HTTP,200,OK,Grupo de Hilos 1-459,text,true,,488,149,1,1,5,0,0
1549617929390,5,Petición HTTP,200,OK,Grupo de Hilos 1-460,text,true,,487,149,1,1,5,0,0
1549617929400,6,Petición HTTP,200,OK,Grupo de Hilos 1-461,text,true,,487,149,1,1,6,0,0
1549617929409,6,Petición HTTP,200,OK,Grupo de Hilos 1-462,text,true,,488,149,1,1,6,0,0
1549617929422,6,Petición HTTP,200,OK,Grupo de Hilos 1-463,text,true,,488,149,1,1,6,0,0
1549617929432,5,Petición HTTP,200,OK,Grupo de Hilos 1-464,text,true,,489,149,1,1,5,0,0
1549617929441,6,Petición HTTP,200,OK,Grupo de Hilos 1-465,text,true,,489,149,1,1,6,0,1
1549617929451,6,Petición HTTP,200,OK,Grupo de Hilos 1-466,text,true,,489,149,1,1,6,0,1
1549617929462,6,Petición HTTP,200,OK,Grupo de Hilos 1-467,text,true,,488,149,1,1,6,0,1
1549617929473,5,Petición HTTP,200,OK,Grupo de Hilos 1-468,text,true,,488,149,1,1,5,0,0
1549617929483,5,Petición HTTP,200,OK,Grupo de Hilos 1-469,text,true,,487,149,1,1,5,0,0
1549617929493,6,Petición HTTP,200,OK,Grupo de Hilos 1-470,text,true,,487,149,1,1,6,0,0
1549617929502,5,Petición HTTP,200,OK,Grupo de Hilos 1-471,text,true,,487,149,1,1,5,0,0
1549617929512,6,Petición HTTP,200,OK,Grupo de Hilos 1-472,text,true,,488,149,1,1,6,0,0
1549617929523,6,Petición HTTP,200,OK,Grupo de Hilos 1-473,text,true,,489,149,1,1,6,0,1
1549617929533,6,Petición HTTP,200,OK,Grupo de Hilos 1-474,text,true,,489,149,1,1,6,0,1
1549617929544,5,Petición HTTP,200,OK,Grupo de Hilos 1-475,text,true,,489,149,1,1,5,0,0
1549617929554,5,Petición HTTP,200,OK,Grupo de Hilos 1-476,text,true,,488,149,1,1,5,0,0
1549617929564,5,Petición HTTP,200,OK,Grupo de Hilos 1-477,text,true,,488,149,1,1,5,0,0
1549617929573,6,Petición HTTP,200,OK,Grupo de Hilos 1-478,text,true,,489,149,1,1,6,0,1
1549617929583,6,Petición HTTP,200,OK,Grupo de Hilos 1-479,text,true,,489,149,1,1,6,0,1
1549617929594,6,Petición HTTP,200,OK,Grupo de Hilos 1-480,text,true,,488,149,1,1,6,0,1
1549617929605,5,Petición HTTP,200,OK,Grupo de Hilos 1-481,text,true,,488,149,1,1,5,0,0
1549617929615,5,Petición HTTP,200,OK,Grupo de Hilos 1-482,text,true,,488,149,1,1,5,0,0
1549617929625,5,Petición HTTP,200,OK,Grupo de Hilos 1-483,text,true,,487,149,1,1,5,0,0
1549617929635,6,Petición HTTP,200,OK,Grupo de Hilos 1-484,text,true,,488,149,1,1,6,0,0
1549617929644,6,Petición HTTP,200,OK,Grupo de Hilos 1-485,text,true,,487,149,1,1,6,0,1
1549617929654,6,Petición HTTP,200,OK,Grupo de Hilos 1-486,text,true,,489,149,1,1,6,0,1
1549617929666,5,Petición HTTP,200,OK,Grupo de Hilos 1-487,text,true,,487,149,1,1,5,0,0
1549617929676,5,Petición HTTP,200,OK,Grupo de Hilos 1-488,text,true,,487,149,1,1,5,0,0
1549617929689,5,Petición HTTP,200,OK,Grupo de Hilos 1-489,text,true,,489,149,1,1,5,0,0
1549617929699,5,Petición HTTP,200,OK,Grupo de Hilos 1-490,text,true,,488,149,1,1,5,0,0
1549617929709,5,Petición HTTP,200,OK,Grupo de Hilos 1-491,text,true,,488,149,1,1,5,0,0
1549617929718,6,Petición HTTP,200,OK,Grupo de Hilos 1-492,text,true,,488,149,1,1,6,0,0
1549617929728,6,Petición HTTP,200,OK,Grupo de Hilos 1-493,text,true,,489,149,1,1,6,0,0
1549617929739,6,Petición HTTP,200,OK,Grupo de Hilos 1-494,text,true,,487,149,1,1,6,0,1
1549617929750,5,Petición HTTP,200,OK,Grupo de Hilos 1-495,text,true,,487,149,1,1,5,0,0
1549617929760,5,Petición HTTP,200,OK,Grupo de Hilos 1-496,text,true,,488,149,1,1,5,0,0
1549617929770,5,Petición HTTP,200,OK,Grupo de Hilos 1-497,text,true,,489,149,1,1,5,0,0
1549617929780,6,Petición HTTP,200,OK,Grupo de Hilos 1-498,text,true,,488,149,1,1,5,0,0
1549617929789,6,Petición HTTP,200,OK,Grupo de Hilos 1-499,text,true,,488,149,1,1,6,0,0
1549617929799,6,Petición HTTP,200,OK,Grupo de Hilos 1-500,text,true,,489,149,1,1,6,0,1
1549617929810,6,Petición HTTP,200,OK,Grupo de Hilos 1-501,text,true,,488,149,1,1,6,0,1
1549617929821,5,Petición HTTP,200,OK,Grupo de Hilos 1-502,text,true,,487,149,1,1,5,0,0
1549617929832,5,Petición HTTP,200,OK,Grupo de Hilos 1-503,text,true,,487,149,1,1,5,0,0
1549617929842,6,Petición HTTP,200,OK,Grupo de Hilos 1-504,text,true,,488,149,1,1,6,0,1
1549617929854,5,Petición HTTP,200,OK,Grupo de Hilos 1-505,text,true,,488,149,1,1,5,0,0
1549617929864,5,Petición HTTP,200,OK,Grupo de Hilos 1-506,text,true,,489,149,1,1,5,0,0
1549617929874,5,Petición HTTP,200,OK,Grupo de Hilos 1-507,text,true,,487,149,1,1,5,0,0
1549617929884,6,Petición HTTP,200,OK,Grupo de Hilos 1-508,text,true,,488,149,1,1,6,0,0
1549617929893,6,Petición HTTP,200,OK,Grupo de Hilos 1-509,text,true,,487,149,1,1,6,0,0
1549617929904,6,Petición HTTP,200,OK,Grupo de Hilos 1-510,text,true,,487,149,1,1,6,0,0
1549617929916,6,Petición HTTP,200,OK,Grupo de Hilos 1-511,text,true,,488,149,1,1,6,0,0
1549617929929,8,Petición HTTP,200,OK,Grupo de Hilos 1-512,text,true,,488,149,1,1,7,0,1
1549617929939,6,Petición HTTP,200,OK,Grupo de Hilos 1-513,text,true,,487,149,1,1,6,0,1
1549617929948,6,Petición HTTP,200,OK,Grupo de Hilos 1-514,text,true,,488,149,1,1,6,0,1
1549617929958,6,Petición HTTP,200,OK,Grupo de Hilos 1-515,text,true,,489,149,1,1,6,0,1
1549617929968,6,Petición HTTP,200,OK,Grupo de Hilos 1-516,text,true,,486,149,1,1,6,0,1
1549617929980,5,Petición HTTP,200,OK,Grupo de Hilos 1-517,text,true,,487,149,1,1,5,0,0
1549617929990,5,Petición HTTP,200,OK,Grupo de Hilos 1-518,text,true,,488,149,1,1,5,0,0
1549617930000,6,Petición HTTP,200,OK,Grupo de Hilos 1-519,text,true,,487,149,1,1,6,0,0
1549617930010,6,Petición HTTP,200,OK,Grupo de Hilos 1-520,text,true,,488,149,1,1,5,0,0
1549617930023,5,Petición HTTP,200,OK,Grupo de Hilos 1-521,text,true,,489,149,1,1,5,0,0
1549617930033,6,Petición HTTP,200,OK,Grupo de Hilos 1-522,text,true,,488,149,1,1,6,0,0
1549617930043,5,Petición HTTP,200,OK,Grupo de Hilos 1-523,text,true,,486,149,1,1,5,0,0
1549617930053,5,Petición HTTP,200,OK,Grupo de Hilos 1-524,text,true,,488,149,1,1,5,0,0
1549617930063,5,Petición HTTP,200,OK,Grupo de Hilos 1-525,text,true,,488,149,1,1,5,0,0
1549617930073,5,Petición HTTP,200,OK,Grupo de Hilos 1-526,text,true,,487,149,1,1,5,0,0
1549617930083,5,Petición HTTP,200,OK,Grupo de Hilos 1-527,text,true,,489,149,1,1,5,0,0
1549617930093,5,Petición HTTP,200,OK,Grupo de Hilos 1-528,text,true,,490,149,1,1,5,0,0
1549617930103,5,Petición HTTP,200,OK,Grupo de Hilos 1-529,text,true,,490,149,1,1,5,0,0
1549617930113,6,Petición HTTP,200,OK,Grupo de Hilos 1-530,text,true,,487,149,1,1,6,0,0
1549617930122,6,Petición HTTP,200,OK,Grupo de Hilos 1-531,text,true,,489,149,1,1,6,0,0
1549617930132,6,Petición HTTP,200,OK,Grupo de Hilos 1-532,text,true,,487,149,1,1,6,0,1
1549617930142,6,Petición HTTP,200,OK,Grupo de Hilos 1-533,text,true,,487,149,1,1,6,0,0
1549617930152,6,Petición HTTP,200,OK,Grupo de Hilos 1-534,text,true,,487,149,1,1,6,0,1
1549617930163,6,Petición HTTP,200,OK,Grupo de Hilos 1-535,text,true,,487,149,1,1,6,0,1
1549617930174,6,Petición HTTP,200,OK,Grupo de Hilos 1-536,text,true,,487,149,1,1,6,0,0
1549617930184,5,Petición HTTP,200,OK,Grupo de Hilos 1-537,text,true,,488,149,1,1,5,0,0
1549617930193,6,Petición HTTP,200,OK,Grupo de Hilos 1-538,text,true,,488,149,1,1,6,0,0
1549617930203,6,Petición HTTP,200,OK,Grupo de Hilos 1-539,text,true,,487,149,1,1,6,0,0
1549617930213,6,Petición HTTP,200,OK,Grupo de Hilos 1-540,text,true,,487,149,1,1,6,0,1
1549617930223,6,Petición HTTP,200,OK,Grupo de Hilos 1-541,text,true,,486,149,1,1,6,0,1
1549617930234,6,Petición HTTP,200,OK,Grupo de Hilos 1-542,text,true,,488,149,1,1,6,0,1
1549617930244,6,Petición HTTP,200,OK,Grupo de Hilos 1-543,text,true,,488,149,1,1,6,0,1
1549617930255,5,Petición HTTP,200,OK,Grupo de Hilos 1-544,text,true,,488,149,1,1,5,0,0
1549617930265,5,Petición HTTP,200,OK,Grupo de Hilos 1-545,text,true,,489,149,1,1,5,0,0
1549617930275,5,Petición HTTP,200,OK,Grupo de Hilos 1-546,text,true,,487,149,1,1,5,0,0
1549617930285,5,Petición HTTP,200,OK,Grupo de Hilos 1-547,text,true,,487,149,1,1,5,0,0
1549617930295,5,Petición HTTP,200,OK,Grupo de Hilos 1-548,text,true,,488,149,1,1,5,0,0
1549617930305,5,Petición HTTP,200,OK,Grupo de Hilos 1-549,text,true,,487,149,1,1,5,0,0
1549617930315,5,Petición HTTP,200,OK,Grupo de Hilos 1-550,text,true,,488,149,1,1,5,0,0
1549617930325,6,Petición HTTP,200,OK,Grupo de Hilos 1-551,text,true,,488,149,1,1,6,0,0
1549617930335,6,Petición HTTP,200,OK,Grupo de Hilos 1-552,text,true,,487,149,1,1,6,0,0
1549617930344,6,Petición HTTP,200,OK,Grupo de Hilos 1-553,text,true,,487,149,1,1,6,0,0
1549617930354,6,Petición HTTP,200,OK,Grupo de Hilos 1-554,text,true,,487,149,1,1,6,0,0
1549617930364,6,Petición HTTP,200,OK,Grupo de Hilos 1-555,text,true,,488,149,1,1,6,0,0
1549617930374,6,Petición HTTP,200,OK,Grupo de Hilos 1-556,text,true,,489,149,1,1,6,0,1
1549617930384,6,Petición HTTP,200,OK,Grupo de Hilos 1-557,text,true,,488,149,1,1,6,0,1
1549617930395,6,Petición HTTP,200,OK,Grupo de Hilos 1-558,text,true,,488,149,1,1,6,0,1
1549617930405,6,Petición HTTP,200,OK,Grupo de Hilos 1-559,text,true,,487,149,1,1,6,0,1
1549617930415,6,Petición HTTP,200,OK,Grupo de Hilos 1-560,text,true,,488,149,1,1,6,0,1
1549617930426,5,Petición HTTP,200,OK,Grupo de Hilos 1-561,text,true,,487,149,1,1,5,0,0
1549617930436,5,Petición HTTP,200,OK,Grupo de Hilos 1-562,text,true,,487,149,1,1,5,0,0
1549617930446,5,Petición HTTP,200,OK,Grupo de Hilos 1-563,text,true,,488,149,1,1,5,0,0
1549617930456,5,Petición HTTP,200,OK,Grupo de Hilos 1-564,text,true,,487,149,1,1,5,0,0
1549617930466,5,Petición HTTP,200,OK,Grupo de Hilos 1-565,text,true,,487,149,1,1,5,0,0
1549617930476,5,Petición HTTP,200,OK,Grupo de Hilos 1-566,text,true,,488,149,1,1,5,0,0
1549617930486,5,Petición HTTP,200,OK,Grupo de Hilos 1-567,text,true,,489,149,1,1,5,0,0
1549617930496,5,Petición HTTP,200,OK,Grupo de Hilos 1-568,text,true,,487,149,1,1,5,0,0
1549617930505,6,Petición HTTP,200,OK,Grupo de Hilos 1-569,text,true,,489,149,1,1,6,0,0
1549617930515,5,Petición HTTP,200,OK,Grupo de Hilos 1-570,text,true,,489,149,1,1,5,0,0
1549617930525,6,Petición HTTP,200,OK,Grupo de Hilos 1-571,text,true,,489,149,1,1,6,0,0
1549617930536,5,Petición HTTP,200,OK,Grupo de Hilos 1-572,text,true,,488,149,1,1,5,0,0
1549617930546,6,Petición HTTP,200,OK,Grupo de Hilos 1-573,text,true,,488,149,1,1,6,0,0
1549617930557,6,Petición HTTP,200,OK,Grupo de Hilos 1-574,text,true,,488,149,1,1,6,0,0
1549617930567,5,Petición HTTP,200,OK,Grupo de Hilos 1-575,text,true,,488,149,1,1,5,0,0
1549617930577,6,Petición HTTP,200,OK,Grupo de Hilos 1-576,text,true,,487,149,1,1,6,0,0
1549617930588,5,Petición HTTP,200,OK,Grupo de Hilos 1-577,text,true,,489,149,1,1,5,0,0
1549617930598,5,Petición HTTP,200,OK,Grupo de Hilos 1-578,text,true,,488,149,1,1,5,0,0
1549617930608,5,Petición HTTP,200,OK,Grupo de Hilos 1-579,text,true,,488,149,1,1,5,0,0
1549617930617,6,Petición HTTP,200,OK,Grupo de Hilos 1-580,text,true,,488,149,1,1,6,0,0
1549617930629,5,Petición HTTP,200,OK,Grupo de Hilos 1-581,text,true,,488,149,1,1,5,0,0
1549617930639,5,Petición HTTP,200,OK,Grupo de Hilos 1-582,text,true,,489,149,1,1,5,0,0
1549617930649,5,Petición HTTP,200,OK,Grupo de Hilos 1-583,text,true,,488,149,1,1,5,0,0
1549617930659,5,Petición HTTP,200,OK,Grupo de Hilos 1-584,text,true,,490,149,1,1,5,0,0
1549617930668,6,Petición HTTP,200,OK,Grupo de Hilos 1-585,text,true,,487,149,1,1,6,0,0
1549617930685,6,Petición HTTP,200,OK,Grupo de Hilos 1-586,text,true,,488,149,1,1,6,0,0
1549617930695,5,Petición HTTP,200,OK,Grupo de Hilos 1-587,text,true,,486,149,1,1,5,0,0
1549617930705,6,Petición HTTP,200,OK,Grupo de Hilos 1-588,text,true,,488,149,1,1,6,0,0
1549617930715,6,Petición HTTP,200,OK,Grupo de Hilos 1-589,text,true,,488,149,1,1,6,0,1
1549617930726,6,Petición HTTP,200,OK,Grupo de Hilos 1-590,text,true,,489,149,1,1,6,0,1
1549617930736,6,Petición HTTP,200,OK,Grupo de Hilos 1-591,text,true,,488,149,1,1,6,0,1
1549617930747,5,Petición HTTP,200,OK,Grupo de Hilos 1-592,text,true,,488,149,1,1,5,0,0
1549617930757,5,Petición HTTP,200,OK,Grupo de Hilos 1-593,text,true,,487,149,1,1,5,0,0
1549617930767,5,Petición HTTP,200,OK,Grupo de Hilos 1-594,text,true,,487,149,1,1,5,0,0
1549617930777,6,Petición HTTP,200,OK,Grupo de Hilos 1-595,text,true,,488,149,1,1,6,0,0
1549617930787,5,Petición HTTP,200,OK,Grupo de Hilos 1-596,text,true,,488,149,1,1,5,0,0
1549617930797,5,Petición HTTP,200,OK,Grupo de Hilos 1-597,text,true,,488,149,1,1,5,0,0
1549617930807,6,Petición HTTP,200,OK,Grupo de Hilos 1-598,text,true,,489,149,1,1,6,0,0
1549617930817,6,Petición HTTP,200,OK,Grupo de Hilos 1-599,text,true,,487,149,1,1,6,0,0
1549617930827,5,Petición HTTP,200,OK,Grupo de Hilos 1-600,text,true,,489,149,1,1,5,0,0
1549617930836,5,Petición HTTP,200,OK,Grupo de Hilos 1-601,text,true,,490,149,1,1,5,0,0
1549617930846,6,Petición HTTP,200,OK,Grupo de Hilos 1-602,text,true,,487,149,1,1,6,0,1
1549617930856,6,Petición HTTP,200,OK,Grupo de Hilos 1-603,text,true,,487,149,1,1,6,0,1
1549617930866,6,Petición HTTP,200,OK,Grupo de Hilos 1-604,text,true,,488,149,1,1,6,0,1
1549617930876,6,Petición HTTP,200,OK,Grupo de Hilos 1-605,text,true,,487,149,1,1,6,0,1
1549617930887,6,Petición HTTP,200,OK,Grupo de Hilos 1-606,text,true,,487,149,1,1,6,0,1
1549617930897,6,Petición HTTP,200,OK,Grupo de Hilos 1-607,text,true,,487,149,1,1,6,0,1
1549617930908,5,Petición HTTP,200,OK,Grupo de Hilos 1-608,text,true,,488,149,1,1,5,0,0
1549617930918,5,Petición HTTP,200,OK,Grupo de Hilos 1-609,text,true,,488,149,1,1,5,0,0
1549617930928,5,Petición HTTP,200,OK,Grupo de Hilos 1-610,text,true,,487,149,1,1,5,0,0
1549617930938,5,Petición HTTP,200,OK,Grupo de Hilos 1-611,text,true,,488,149,1,1,5,0,0
1549617930948,5,Petición HTTP,200,OK,Grupo de Hilos 1-612,text,true,,489,149,1,1,5,0,0
1549617930958,5,Petición HTTP,200,OK,Grupo de Hilos 1-613,text,true,,488,149,1,1,5,0,0
1549617930968,6,Petición HTTP,200,OK,Grupo de Hilos 1-614,text,true,,489,149,1,1,5,0,0
1549617930978,6,Petición HTTP,200,OK,Grupo de Hilos 1-615,text,true,,488,149,1,1,6,0,0
1549617930987,6,Petición HTTP,200,OK,Grupo de Hilos 1-616,text,true,,488,149,1,1,6,0,0
1549617930997,6,Petición HTTP,200,OK,Grupo de Hilos 1-617,text,true,,488,149,1,1,6,0,0
1549617931007,6,Petición HTTP,200,OK,Grupo de Hilos 1-618,text,true,,487,149,1,1,6,0,0
1549617931025,6,Petición HTTP,200,OK,Grupo de Hilos 1-619,text,true,,488,149,2,2,6,0,0
1549617931030,6,Petición HTTP,200,OK,Grupo de Hilos 1-620,text,true,,489,149,1,1,6,0,1
1549617931039,6,Petición HTTP,200,OK,Grupo de Hilos 1-621,text,true,,488,149,1,1,6,0,1
1549617931056,6,Petición HTTP,200,OK,Grupo de Hilos 1-622,text,true,,487,149,1,1,6,0,0
1549617931066,5,Petición HTTP,200,OK,Grupo de Hilos 1-623,text,true,,487,149,1,1,5,0,0
1549617931075,6,Petición HTTP,200,OK,Grupo de Hilos 1-624,text,true,,489,149,1,1,6,0,0
1549617931085,6,Petición HTTP,200,OK,Grupo de Hilos 1-625,text,true,,488,149,1,1,6,0,0
1549617931095,6,Petición HTTP,200,OK,Grupo de Hilos 1-626,text,true,,488,149,1,1,6,0,1
1549617931105,6,Petición HTTP,200,OK,Grupo de Hilos 1-627,text,true,,487,149,1,1,6,0,1
1549617931115,6,Petición HTTP,200,OK,Grupo de Hilos 1-628,text,true,,489,149,1,1,6,0,1
1549617931126,6,Petición HTTP,200,OK,Grupo de Hilos 1-629,text,true,,487,149,1,1,6,0,1
1549617931137,5,Petición HTTP,200,OK,Grupo de Hilos 1-630,text,true,,488,149,1,1,5,0,0
1549617931147,5,Petición HTTP,200,OK,Grupo de Hilos 1-631,text,true,,489,149,1,1,5,0,0
1549617931157,5,Petición HTTP,200,OK,Grupo de Hilos 1-632,text,true,,488,149,1,1,5,0,0
1549617931167,6,Petición HTTP,200,OK,Grupo de Hilos 1-633,text,true,,488,149,1,1,6,0,0
1549617931177,6,Petición HTTP,200,OK,Grupo de Hilos 1-634,text,true,,489,149,1,1,6,0,0
1549617931187,5,Petición HTTP,200,OK,Grupo de Hilos 1-635,text,true,,488,149,1,1,5,0,0
1549617931197,5,Petición HTTP,200,OK,Grupo de Hilos 1-636,text,true,,488,149,1,1,5,0,0
1549617931207,5,Petición HTTP,200,OK,Grupo de Hilos 1-637,text,true,,489,149,1,1,5,0,0
1549617931217,6,Petición HTTP,200,OK,Grupo de Hilos 1-638,text,true,,487,149,1,1,6,0,0
1549617931226,6,Petición HTTP,200,OK,Grupo de Hilos 1-639,text,true,,487,149,1,1,6,0,0
1549617931236,6,Petición HTTP,200,OK,Grupo de Hilos 1-640,text,true,,487,149,1,1,6,0,1
1549617931246,6,Petición HTTP,200,OK,Grupo de Hilos 1-641,text,true,,488,149,1,1,6,0,1
1549617931256,6,Petición HTTP,200,OK,Grupo de Hilos 1-642,text,true,,488,149,1,1,6,0,1
1549617931266,6,Petición HTTP,200,OK,Grupo de Hilos 1-643,text,true,,487,149,1,1,6,0,1
1549617931276,6,Petición HTTP,200,OK,Grupo de Hilos 1-644,text,true,,487,149,1,1,6,0,1
1549617931287,6,Petición HTTP,200,OK,Grupo de Hilos 1-645,text,true,,488,149,1,1,6,0,1
1549617931298,5,Petición HTTP,200,OK,Grupo de Hilos 1-646,text,true,,487,149,1,1,5,0,0
1549617931308,5,Petición HTTP,200,OK,Grupo de Hilos 1-647,text,true,,487,149,1,1,5,0,0
1549617931318,5,Petición HTTP,200,OK,Grupo de Hilos 1-648,text,true,,488,149,1,1,5,0,0
1549617931328,5,Petición HTTP,200,OK,Grupo de Hilos 1-649,text,true,,489,149,1,1,5,0,0
1549617931338,5,Petición HTTP,200,OK,Grupo de Hilos 1-650,text,true,,488,149,1,1,5,0,0
1549617931348,5,Petición HTTP,200,OK,Grupo de Hilos 1-651,text,true,,488,149,1,1,5,0,0
1549617931358,5,Petición HTTP,200,OK,Grupo de Hilos 1-652,text,true,,487,149,1,1,5,0,0
1549617931368,5,Petición HTTP,200,OK,Grupo de Hilos 1-653,text,true,,487,149,1,1,5,0,0
1549617931377,5,Petición HTTP,200,OK,Grupo de Hilos 1-654,text,true,,487,149,1,1,5,0,0
1549617931387,6,Petición HTTP,200,OK,Grupo de Hilos 1-655,text,true,,487,149,1,1,6,0,0
1549617931397,6,Petición HTTP,200,OK,Grupo de Hilos 1-656,text,true,,488,149,1,1,6,0,0
1549617931408,6,Petición HTTP,200,OK,Grupo de Hilos 1-657,text,true,,489,149,1,1,6,0,0
1549617931418,5,Petición HTTP,200,OK,Grupo de Hilos 1-658,text,true,,488,149,1,1,5,0,0
1549617931428,5,Petición HTTP,200,OK,Grupo de Hilos 1-659,text,true,,488,149,1,1,5,0,0
1549617931439,5,Petición HTTP,200,OK,Grupo de Hilos 1-660,text,true,,487,149,1,1,5,0,0
1549617931449,5,Petición HTTP,200,OK,Grupo de Hilos 1-661,text,true,,488,149,1,1,5,0,0
1549617931459,5,Petición HTTP,200,OK,Grupo de Hilos 1-662,text,true,,488,149,1,1,5,0,0
1549617931469,5,Petición HTTP,200,OK,Grupo de Hilos 1-663,text,true,,488,149,1,1,5,0,0
1549617931479,5,Petición HTTP,200,OK,Grupo de Hilos 1-664,text,true,,488,149,1,1,5,0,0
1549617931489,5,Petición HTTP,200,OK,Grupo de Hilos 1-665,text,true,,487,149,1,1,5,0,0
1549617931499,5,Petición HTTP,200,OK,Grupo de Hilos 1-666,text,true,,489,149,1,1,5,0,0
1549617931509,5,Petición HTTP,200,OK,Grupo de Hilos 1-667,text,true,,488,149,1,1,5,0,0
1549617931519,6,Petición HTTP,200,OK,Grupo de Hilos 1-668,text,true,,487,149,1,1,6,0,0
1549617931529,6,Petición HTTP,200,OK,Grupo de Hilos 1-669,text,true,,488,149,1,1,6,0,0
1549617931538,5,Petición HTTP,200,OK,Grupo de Hilos 1-670,text,true,,489,149,1,1,5,0,0
1549617931548,6,Petición HTTP,200,OK,Grupo de Hilos 1-671,text,true,,488,149,1,1,6,0,0
1549617931558,6,Petición HTTP,200,OK,Grupo de Hilos 1-672,text,true,,488,149,1,1,6,0,0
1549617931568,6,Petición HTTP,200,OK,Grupo de Hilos 1-673,text,true,,489,149,1,1,6,0,1
1549617931578,6,Petición HTTP,200,OK,Grupo de Hilos 1-674,text,true,,488,149,1,1,6,0,1
1549617931588,6,Petición HTTP,200,OK,Grupo de Hilos 1-675,text,true,,487,149,1,1,6,0,1
1549617931599,6,Petición HTTP,200,OK,Grupo de Hilos 1-676,text,true,,487,149,1,1,6,0,1
1549617931609,6,Petición HTTP,200,OK,Grupo de Hilos 1-677,text,true,,487,149,1,1,6,0,1
1549617931620,5,Petición HTTP,200,OK,Grupo de Hilos 1-678,text,true,,488,149,1,1,5,0,0
1549617931630,5,Petición HTTP,200,OK,Grupo de Hilos 1-679,text,true,,488,149,1,1,5,0,0
1549617931640,5,Petición HTTP,200,OK,Grupo de Hilos 1-680,text,true,,488,149,1,1,5,0,0
1549617931650,5,Petición HTTP,200,OK,Grupo de Hilos 1-681,text,true,,488,149,1,1,5,0,0
1549617931660,5,Petición HTTP,200,OK,Grupo de Hilos 1-682,text,true,,488,149,1,1,5,0,0
1549617931670,5,Petición HTTP,200,OK,Grupo de Hilos 1-683,text,true,,487,149,1,1,5,0,0
1549617931680,5,Petición HTTP,200,OK,Grupo de Hilos 1-684,text,true,,489,149,1,1,5,0,0
1549617931690,6,Petición HTTP,200,OK,Grupo de Hilos 1-685,text,true,,488,149,1,1,6,0,0
1549617931699,6,Petición HTTP,200,OK,Grupo de Hilos 1-686,text,true,,487,149,1,1,6,0,0
1549617931709,6,Petición HTTP,200,OK,Grupo de Hilos 1-687,text,true,,488,149,1,1,6,0,0
1549617931719,6,Petición HTTP,200,OK,Grupo de Hilos 1-688,text,true,,488,149,1,1,6,0,0
1549617931729,6,Petición HTTP,200,OK,Grupo de Hilos 1-689,text,true,,486,149,1,1,6,0,1
1549617931739,6,Petición HTTP,200,OK,Grupo de Hilos 1-690,text,true,,486,149,1,1,6,0,1
1549617931749,6,Petición HTTP,200,OK,Grupo de Hilos 1-691,text,true,,488,149,1,1,6,0,1
1549617931768,5,Petición HTTP,200,OK,Grupo de Hilos 1-692,text,true,,487,149,2,2,5,0,0
1549617931771,6,Petición HTTP,200,OK,Grupo de Hilos 1-693,text,true,,488,149,1,1,6,0,0
1549617931781,6,Petición HTTP,200,OK,Grupo de Hilos 1-694,text,true,,488,149,1,1,6,0,0
1549617931795,6,Petición HTTP,200,OK,Grupo de Hilos 1-695,text,true,,488,149,1,1,6,0,0
1549617931810,5,Petición HTTP,200,OK,Grupo de Hilos 1-696,text,true,,489,149,1,1,5,0,0
1549617931819,6,Petición HTTP,200,OK,Grupo de Hilos 1-697,text,true,,488,149,1,1,6,0,0
1549617931829,6,Petición HTTP,200,OK,Grupo de Hilos 1-698,text,true,,489,149,1,1,6,0,1
1549617931839,6,Petición HTTP,200,OK,Grupo de Hilos 1-699,text,true,,489,149,1,1,6,0,1
1549617931850,6,Petición HTTP,200,OK,Grupo de Hilos 1-700,text,true,,486,149,1,1,6,0,1
1549617931861,5,Petición HTTP,200,OK,Grupo de Hilos 1-701,text,true,,487,149,1,1,5,0,0
1549617931871,5,Petición HTTP,200,OK,Grupo de Hilos 1-702,text,true,,487,149,1,1,5,0,0
1549617931881,6,Petición HTTP,200,OK,Grupo de Hilos 1-703,text,true,,488,149,1,1,6,0,0
1549617931891,6,Petición HTTP,200,OK,Grupo de Hilos 1-704,text,true,,487,149,1,1,6,0,0
1549617931900,5,Petición HTTP,200,OK,Grupo de Hilos 1-705,text,true,,489,149,1,1,5,0,0
1549617931910,6,Petición HTTP,200,OK,Grupo de Hilos 1-706,text,true,,489,149,1,1,6,0,0
1549617931920,6,Petición HTTP,200,OK,Grupo de Hilos 1-707,text,true,,488,149,1,1,6,0,1
1549617931930,6,Petición HTTP,200,OK,Grupo de Hilos 1-708,text,true,,487,149,1,1,6,0,1
1549617931941,6,Petición HTTP,200,OK,Grupo de Hilos 1-709,text,true,,487,149,1,1,6,0,1
1549617931952,5,Petición HTTP,200,OK,Grupo de Hilos 1-710,text,true,,489,149,1,1,5,0,0
1549617931962,5,Petición HTTP,200,OK,Grupo de Hilos 1-711,text,true,,487,149,1,1,5,0,0
1549617931972,5,Petición HTTP,200,OK,Grupo de Hilos 1-712,text,true,,489,149,1,1,5,0,0
1549617931982,5,Petición HTTP,200,OK,Grupo de Hilos 1-713,text,true,,488,149,1,1,5,0,0
1549617931992,6,Petición HTTP,200,OK,Grupo de Hilos 1-714,text,true,,489,149,1,1,6,0,0
1549617932001,6,Petición HTTP,200,OK,Grupo de Hilos 1-715,text,true,,488,149,1,1,6,0,0
1549617932011,6,Petición HTTP,200,OK,Grupo de Hilos 1-716,text,true,,488,149,1,1,6,0,0
1549617932021,6,Petición HTTP,200,OK,Grupo de Hilos 1-717,text,true,,487,149,1,1,6,0,1
1549617932031,6,Petición HTTP,200,OK,Grupo de Hilos 1-718,text,true,,488,149,1,1,6,0,1
1549617932042,6,Petición HTTP,200,OK,Grupo de Hilos 1-719,text,true,,487,149,1,1,6,0,1
1549617932053,5,Petición HTTP,200,OK,Grupo de Hilos 1-720,text,true,,489,149,1,1,5,0,0
1549617932063,5,Petición HTTP,200,OK,Grupo de Hilos 1-721,text,true,,488,149,1,1,5,0,0
1549617932073,5,Petición HTTP,200,OK,Grupo de Hilos 1-722,text,true,,489,149,1,1,5,0,0
1549617932083,5,Petición HTTP,200,OK,Grupo de Hilos 1-723,text,true,,489,149,1,1,5,0,0
1549617932093,5,Petición HTTP,200,OK,Grupo de Hilos 1-724,text,true,,488,149,1,1,5,0,0
1549617932103,6,Petición HTTP,200,OK,Grupo de Hilos 1-725,text,true,,488,149,1,1,6,0,0
1549617932112,6,Petición HTTP,200,OK,Grupo de Hilos 1-726,text,true,,488,149,1,1,6,0,0
1549617932122,6,Petición HTTP,200,OK,Grupo de Hilos 1-727,text,true,,489,149,1,1,6,0,1
1549617932132,6,Petición HTTP,200,OK,Grupo de Hilos 1-728,text,true,,488,149,1,1,6,0,1
1549617932142,6,Petición HTTP,200,OK,Grupo de Hilos 1-729,text,true,,487,149,1,1,6,0,1
1549617932153,6,Petición HTTP,200,OK,Grupo de Hilos 1-730,text,true,,490,149,1,1,6,0,1
1549617932164,5,Petición HTTP,200,OK,Grupo de Hilos 1-731,text,true,,489,149,1,1,5,0,0
1549617932174,5,Petición HTTP,200,OK,Grupo de Hilos 1-732,text,true,,489,149,1,1,5,0,0
1549617932184,5,Petición HTTP,200,OK,Grupo de Hilos 1-733,text,true,,488,149,1,1,5,0,0
1549617932194,5,Petición HTTP,200,OK,Grupo de Hilos 1-734,text,true,,488,149,1,1,5,0,0
1549617932204,5,Petición HTTP,200,OK,Grupo de Hilos 1-735,text,true,,488,149,1,1,5,0,0
1549617932214,5,Petición HTTP,200,OK,Grupo de Hilos 1-736,text,true,,489,149,1,1,5,0,0
1549617932223,6,Petición HTTP,200,OK,Grupo de Hilos 1-737,text,true,,489,149,1,1,6,0,0
1549617932233,6,Petición HTTP,200,OK,Grupo de Hilos 1-738,text,true,,489,149,1,1,6,0,1
1549617932243,6,Petición HTTP,200,OK,Grupo de Hilos 1-739,text,true,,489,149,1,1,6,0,1
1549617932255,5,Petición HTTP,200,OK,Grupo de Hilos 1-740,text,true,,489,149,1,1,5,0,0
1549617932265,5,Petición HTTP,200,OK,Grupo de Hilos 1-741,text,true,,488,149,1,1,5,0,0
1549617932275,5,Petición HTTP,200,OK,Grupo de Hilos 1-742,text,true,,488,149,1,1,5,0,0
1549617932285,6,Petición HTTP,200,OK,Grupo de Hilos 1-743,text,true,,487,149,1,1,6,0,0
1549617932295,5,Petición HTTP,200,OK,Grupo de Hilos 1-744,text,true,,488,149,1,1,5,0,0
1549617932305,5,Petición HTTP,200,OK,Grupo de Hilos 1-745,text,true,,489,149,1,1,5,0,0
1549617932317,6,Petición HTTP,200,OK,Grupo de Hilos 1-746,text,true,,489,149,1,1,6,0,1
1549617932328,6,Petición HTTP,200,OK,Grupo de Hilos 1-747,text,true,,487,149,1,1,6,0,1
1549617932339,5,Petición HTTP,200,OK,Grupo de Hilos 1-748,text,true,,488,149,1,1,5,0,0
1549617932349,5,Petición HTTP,200,OK,Grupo de Hilos 1-749,text,true,,487,149,1,1,5,0,0
1549617932359,5,Petición HTTP,200,OK,Grupo de Hilos 1-750,text,true,,488,149,1,1,5,0,0
1549617932369,5,Petición HTTP,200,OK,Grupo de Hilos 1-751,text,true,,488,149,1,1,5,0,0
1549617932379,6,Petición HTTP,200,OK,Grupo de Hilos 1-752,text,true,,486,149,1,1,6,0,0
1549617932388,6,Petición HTTP,200,OK,Grupo de Hilos 1-753,text,true,,489,149,1,1,6,0,0
1549617932398,6,Petición HTTP,200,OK,Grupo de Hilos 1-754,text,true,,489,149,1,1,6,0,0
1549617932408,6,Petición HTTP,200,OK,Grupo de Hilos 1-755,text,true,,489,149,1,1,6,0,1
1549617932418,6,Petición HTTP,200,OK,Grupo de Hilos 1-756,text,true,,487,149,1,1,6,0,1
1549617932430,5,Petición HTTP,200,OK,Grupo de Hilos 1-757,text,true,,488,149,1,1,5,0,0
1549617932440,5,Petición HTTP,200,OK,Grupo de Hilos 1-758,text,true,,489,149,1,1,5,0,0
1549617932450,5,Petición HTTP,200,OK,Grupo de Hilos 1-759,text,true,,487,149,1,1,5,0,0
1549617932460,5,Petición HTTP,200,OK,Grupo de Hilos 1-760,text,true,,488,149,1,1,5,0,0
1549617932470,6,Petición HTTP,200,OK,Grupo de Hilos 1-761,text,true,,489,149,1,1,6,0,0
1549617932479,6,Petición HTTP,200,OK,Grupo de Hilos 1-762,text,true,,488,149,1,1,6,0,0
1549617932489,6,Petición HTTP,200,OK,Grupo de Hilos 1-763,text,true,,487,149,1,1,6,0,1
1549617932499,6,Petición HTTP,200,OK,Grupo de Hilos 1-764,text,true,,488,149,1,1,6,0,1
1549617932509,6,Petición HTTP,200,OK,Grupo de Hilos 1-765,text,true,,489,149,1,1,6,0,1
1549617932520,5,Petición HTTP,200,OK,Grupo de Hilos 1-766,text,true,,489,149,1,1,5,0,0
1549617932531,5,Petición HTTP,200,OK,Grupo de Hilos 1-767,text,true,,487,149,1,1,5,0,0
1549617932541,6,Petición HTTP,200,OK,Grupo de Hilos 1-768,text,true,,488,149,1,1,6,0,0
1549617932551,6,Petición HTTP,200,OK,Grupo de Hilos 1-769,text,true,,489,149,1,1,6,0,0
1549617932561,6,Petición HTTP,200,OK,Grupo de Hilos 1-770,text,true,,488,149,1,1,6,0,0
1549617932571,5,Petición HTTP,200,OK,Grupo de Hilos 1-771,text,true,,489,149,1,1,5,0,0
1549617932580,5,Petición HTTP,200,OK,Grupo de Hilos 1-772,text,true,,488,149,1,1,5,0,0
1549617932590,6,Petición HTTP,200,OK,Grupo de Hilos 1-773,text,true,,487,149,1,1,6,0,0
1549617932600,6,Petición HTTP,200,OK,Grupo de Hilos 1-774,text,true,,489,149,1,1,6,0,0
1549617932610,6,Petición HTTP,200,OK,Grupo de Hilos 1-775,text,true,,489,149,1,1,6,0,1
1549617932620,6,Petición HTTP,200,OK,Grupo de Hilos 1-776,text,true,,489,149,1,1,6,0,1
1549617932631,6,Petición HTTP,200,OK,Grupo de Hilos 1-777,text,true,,488,149,1,1,6,0,1
1549617932642,6,Petición HTTP,200,OK,Grupo de Hilos 1-778,text,true,,489,149,1,1,6,0,1
1549617932653,6,Petición HTTP,200,OK,Grupo de Hilos 1-779,text,true,,488,149,1,1,6,0,1
1549617932663,6,Petición HTTP,200,OK,Grupo de Hilos 1-780,text,true,,488,149,1,1,6,0,1
1549617932673,6,Petición HTTP,200,OK,Grupo de Hilos 1-781,text,true,,488,149,1,1,6,0,1
1549617932683,6,Petición HTTP,200,OK,Grupo de Hilos 1-782,text,true,,489,149,1,1,6,0,1
1549617932693,6,Petición HTTP,200,OK,Grupo de Hilos 1-783,text,true,,488,149,1,1,6,0,1
1549617932703,6,Petición HTTP,200,OK,Grupo de Hilos 1-784,text,true,,488,149,1,1,6,0,1
1549617932713,6,Petición HTTP,200,OK,Grupo de Hilos 1-785,text,true,,488,149,1,1,6,0,1
1549617932723,6,Petición HTTP,200,OK,Grupo de Hilos 1-786,text,true,,488,149,1,1,6,0,1
1549617932734,6,Petición HTTP,200,OK,Grupo de Hilos 1-787,text,true,,488,149,1,1,6,0,1
1549617932744,6,Petición HTTP,200,OK,Grupo de Hilos 1-788,text,true,,488,149,1,1,6,0,1
1549617932754,6,Petición HTTP,200,OK,Grupo de Hilos 1-789,text,true,,488,149,1,1,6,0,1
1549617932764,6,Petición HTTP,200,OK,Grupo de Hilos 1-790,text,true,,487,149,1,1,6,0,1
1549617932774,6,Petición HTTP,200,OK,Grupo de Hilos 1-791,text,true,,488,149,1,1,6,0,1
1549617932784,6,Petición HTTP,200,OK,Grupo de Hilos 1-792,text,true,,488,149,1,1,6,0,1
1549617932794,6,Petición HTTP,200,OK,Grupo de Hilos 1-793,text,true,,487,149,1,1,6,0,1
1549617932804,6,Petición HTTP,200,OK,Grupo de Hilos 1-794,text,true,,489,149,1,1,6,0,1
1549617932814,6,Petición HTTP,200,OK,Grupo de Hilos 1-795,text,true,,488,149,1,1,6,0,1
1549617932824,6,Petición HTTP,200,OK,Grupo de Hilos 1-796,text,true,,488,149,1,1,6,0,1
1549617932835,6,Petición HTTP,200,OK,Grupo de Hilos 1-797,text,true,,489,149,1,1,6,0,1
1549617932846,5,Petición HTTP,200,OK,Grupo de Hilos 1-798,text,true,,488,149,1,1,5,0,0
1549617932856,5,Petición HTTP,200,OK,Grupo de Hilos 1-799,text,true,,488,149,1,1,5,0,0
1549617932866,5,Petición HTTP,200,OK,Grupo de Hilos 1-800,text,true,,488,149,1,1,5,0,0
1549617932876,5,Petición HTTP,200,OK,Grupo de Hilos 1-801,text,true,,487,149,1,1,5,0,0
1549617932885,6,Petición HTTP,200,OK,Grupo de Hilos 1-802,text,true,,488,149,1,1,6,0,0
1549617932895,5,Petición HTTP,200,OK,Grupo de Hilos 1-803,text,true,,486,149,1,1,5,0,0
1549617932905,6,Petición HTTP,200,OK,Grupo de Hilos 1-804,text,true,,486,149,1,1,6,0,1
1549617932915,6,Petición HTTP,200,OK,Grupo de Hilos 1-805,text,true,,488,149,1,1,6,0,1
1549617932927,5,Petición HTTP,200,OK,Grupo de Hilos 1-806,text,true,,487,149,1,1,5,0,0
1549617932937,5,Petición HTTP,200,OK,Grupo de Hilos 1-807,text,true,,489,149,1,1,5,0,0
1549617932947,5,Petición HTTP,200,OK,Grupo de Hilos 1-808,text,true,,489,149,1,1,5,0,0
1549617932957,6,Petición HTTP,200,OK,Grupo de Hilos 1-809,text,true,,490,149,1,1,5,0,0
1549617932966,6,Petición HTTP,200,OK,Grupo de Hilos 1-810,text,true,,488,149,1,1,6,0,0
1549617932976,6,Petición HTTP,200,OK,Grupo de Hilos 1-811,text,true,,486,149,1,1,6,0,1
1549617932986,6,Petición HTTP,200,OK,Grupo de Hilos 1-812,text,true,,489,149,1,1,6,0,1
1549617932996,6,Petición HTTP,200,OK,Grupo de Hilos 1-813,text,true,,489,149,1,1,6,0,1
1549617933008,5,Petición HTTP,200,OK,Grupo de Hilos 1-814,text,true,,487,149,1,1,5,0,0
1549617933018,5,Petición HTTP,200,OK,Grupo de Hilos 1-815,text,true,,487,149,1,1,5,0,0
1549617933028,5,Petición HTTP,200,OK,Grupo de Hilos 1-816,text,true,,487,149,1,1,5,0,0
1549617933038,5,Petición HTTP,200,OK,Grupo de Hilos 1-817,text,true,,487,149,1,1,5,0,0
1549617933048,6,Petición HTTP,200,OK,Grupo de Hilos 1-818,text,true,,488,149,1,1,6,0,0
1549617933057,6,Petición HTTP,200,OK,Grupo de Hilos 1-819,text,true,,488,149,1,1,6,0,0
1549617933067,6,Petición HTTP,200,OK,Grupo de Hilos 1-820,text,true,,488,149,1,1,6,0,1
1549617933077,6,Petición HTTP,200,OK,Grupo de Hilos 1-821,text,true,,488,149,1,1,6,0,1
1549617933091,5,Petición HTTP,200,OK,Grupo de Hilos 1-822,text,true,,489,149,1,1,5,0,0
1549617933101,5,Petición HTTP,200,OK,Grupo de Hilos 1-823,text,true,,488,149,1,1,5,0,0
1549617933111,5,Petición HTTP,200,OK,Grupo de Hilos 1-824,text,true,,490,149,1,1,5,0,0
1549617933120,6,Petición HTTP,200,OK,Grupo de Hilos 1-825,text,true,,488,149,1,1,6,0,0
1549617933130,6,Petición HTTP,200,OK,Grupo de Hilos 1-826,text,true,,489,149,1,1,6,0,1
1549617933140,6,Petición HTTP,200,OK,Grupo de Hilos 1-827,text,true,,489,149,1,1,6,0,1
1549617933150,6,Petición HTTP,200,OK,Grupo de Hilos 1-828,text,true,,488,149,1,1,6,0,1
1549617933162,5,Petición HTTP,200,OK,Grupo de Hilos 1-829,text,true,,487,149,1,1,5,0,0
1549617933172,5,Petición HTTP,200,OK,Grupo de Hilos 1-830,text,true,,489,149,1,1,5,0,0
1549617933182,5,Petición HTTP,200,OK,Grupo de Hilos 1-831,text,true,,488,149,1,1,5,0,0
1549617933194,5,Petición HTTP,200,OK,Grupo de Hilos 1-832,text,true,,489,149,1,1,5,0,0
1549617933204,5,Petición HTTP,200,OK,Grupo de Hilos 1-833,text,true,,488,149,1,1,5,0,0
1549617933214,5,Petición HTTP,200,OK,Grupo de Hilos 1-834,text,true,,489,149,1,1,5,0,0
1549617933224,5,Petición HTTP,200,OK,Grupo de Hilos 1-835,text,true,,488,149,1,1,5,0,0
1549617933233,6,Petición HTTP,200,OK,Grupo de Hilos 1-836,text,true,,488,149,1,1,6,0,0
1549617933243,6,Petición HTTP,200,OK,Grupo de Hilos 1-837,text,true,,487,149,1,1,6,0,0
1549617933253,6,Petición HTTP,200,OK,Grupo de Hilos 1-838,text,true,,487,149,1,1,6,0,1
1549617933265,5,Petición HTTP,200,OK,Grupo de Hilos 1-839,text,true,,486,149,1,1,5,0,0
1549617933275,5,Petición HTTP,200,OK,Grupo de Hilos 1-840,text,true,,489,149,1,1,5,0,0
1549617933285,5,Petición HTTP,200,OK,Grupo de Hilos 1-841,text,true,,488,149,1,1,5,0,0
1549617933295,5,Petición HTTP,200,OK,Grupo de Hilos 1-842,text,true,,488,149,1,1,5,0,0
1549617933304,5,Petición HTTP,200,OK,Grupo de Hilos 1-843,text,true,,488,149,1,1,5,0,0
1549617933314,6,Petición HTTP,200,OK,Grupo de Hilos 1-844,text,true,,487,149,1,1,6,0,0
1549617933324,6,Petición HTTP,200,OK,Grupo de Hilos 1-845,text,true,,488,149,1,1,6,0,1
1549617933334,6,Petición HTTP,200,OK,Grupo de Hilos 1-846,text,true,,488,149,1,1,6,0,1
1549617933346,5,Petición HTTP,200,OK,Grupo de Hilos 1-847,text,true,,487,149,1,1,5,0,0
1549617933356,5,Petición HTTP,200,OK,Grupo de Hilos 1-848,text,true,,487,149,1,1,5,0,0
1549617933366,6,Petición HTTP,200,OK,Grupo de Hilos 1-849,text,true,,488,149,1,1,6,0,0
1549617933375,5,Petición HTTP,200,OK,Grupo de Hilos 1-850,text,true,,489,149,1,1,5,0,0
1549617933386,5,Petición HTTP,200,OK,Grupo de Hilos 1-851,text,true,,485,149,1,1,5,0,0
1549617933396,5,Petición HTTP,200,OK,Grupo de Hilos 1-852,text,true,,488,149,1,1,5,0,0
1549617933405,6,Petición HTTP,200,OK,Grupo de Hilos 1-853,text,true,,489,149,1,1,6,0,1
1549617933415,6,Petición HTTP,200,OK,Grupo de Hilos 1-854,text,true,,490,149,1,1,6,0,1
1549617933425,6,Petición HTTP,200,OK,Grupo de Hilos 1-855,text,true,,488,149,1,1,6,0,1
1549617933435,6,Petición HTTP,200,OK,Grupo de Hilos 1-856,text,true,,489,149,1,1,6,0,1
1549617933447,5,Petición HTTP,200,OK,Grupo de Hilos 1-857,text,true,,488,149,1,1,5,0,0
1549617933457,5,Petición HTTP,200,OK,Grupo de Hilos 1-858,text,true,,488,149,1,1,5,0,0
1549617933467,5,Petición HTTP,200,OK,Grupo de Hilos 1-859,text,true,,488,149,1,1,5,0,0
1549617933477,5,Petición HTTP,200,OK,Grupo de Hilos 1-860,text,true,,487,149,1,1,5,0,0
1549617933487,6,Petición HTTP,200,OK,Grupo de Hilos 1-861,text,true,,487,149,1,1,6,0,0
1549617933497,6,Petición HTTP,200,OK,Grupo de Hilos 1-862,text,true,,488,149,1,1,6,0,0
1549617933507,5,Petición HTTP,200,OK,Grupo de Hilos 1-863,text,true,,489,149,1,1,5,0,0
1549617933516,6,Petición HTTP,200,OK,Grupo de Hilos 1-864,text,true,,487,149,1,1,6,0,0
1549617933526,5,Petición HTTP,200,OK,Grupo de Hilos 1-865,text,true,,488,149,1,1,5,0,0
1549617933536,6,Petición HTTP,200,OK,Grupo de Hilos 1-866,text,true,,487,149,1,1,6,0,0
1549617933546,6,Petición HTTP,200,OK,Grupo de Hilos 1-867,text,true,,489,149,1,1,6,0,0
1549617933556,6,Petición HTTP,200,OK,Grupo de Hilos 1-868,text,true,,486,149,1,1,6,0,1
1549617933566,6,Petición HTTP,200,OK,Grupo de Hilos 1-869,text,true,,487,149,1,1,6,0,1
1549617933576,6,Petición HTTP,200,OK,Grupo de Hilos 1-870,text,true,,489,149,1,1,6,0,1
1549617933587,5,Petición HTTP,200,OK,Grupo de Hilos 1-871,text,true,,488,149,1,1,5,0,0
1549617933598,5,Petición HTTP,200,OK,Grupo de Hilos 1-872,text,true,,488,149,1,1,5,0,0
1549617933608,5,Petición HTTP,200,OK,Grupo de Hilos 1-873,text,true,,488,149,1,1,5,0,0
1549617933618,5,Petición HTTP,200,OK,Grupo de Hilos 1-874,text,true,,488,149,1,1,5,0,0
1549617933628,5,Petición HTTP,200,OK,Grupo de Hilos 1-875,text,true,,486,149,1,1,5,0,0
1549617933638,5,Petición HTTP,200,OK,Grupo de Hilos 1-876,text,true,,489,149,1,1,5,0,0
1549617933648,5,Petición HTTP,200,OK,Grupo de Hilos 1-877,text,true,,488,149,1,1,5,0,0
1549617933658,5,Petición HTTP,200,OK,Grupo de Hilos 1-878,text,true,,488,149,1,1,5,0,0
1549617933667,5,Petición HTTP,200,OK,Grupo de Hilos 1-879,text,true,,488,149,1,1,5,0,0
1549617933677,5,Petición HTTP,200,OK,Grupo de Hilos 1-880,text,true,,486,149,1,1,5,0,1
1549617933687,6,Petición HTTP,200,OK,Grupo de Hilos 1-881,text,true,,488,149,1,1,6,0,1
1549617933697,6,Petición HTTP,200,OK,Grupo de Hilos 1-882,text,true,,489,149,1,1,6,0,1
1549617933707,6,Petición HTTP,200,OK,Grupo de Hilos 1-883,text,true,,489,149,1,1,6,0,1
1549617933717,6,Petición HTTP,200,OK,Grupo de Hilos 1-884,text,true,,489,149,1,1,6,0,1
1549617933727,6,Petición HTTP,200,OK,Grupo de Hilos 1-885,text,true,,487,149,1,1,6,0,1
1549617933739,5,Petición HTTP,200,OK,Grupo de Hilos 1-886,text,true,,488,149,1,1,5,0,0
1549617933749,5,Petición HTTP,200,OK,Grupo de Hilos 1-887,text,true,,488,149,1,1,5,0,0
1549617933759,5,Petición HTTP,200,OK,Grupo de Hilos 1-888,text,true,,487,149,1,1,5,0,0
1549617933769,5,Petición HTTP,200,OK,Grupo de Hilos 1-889,text,true,,487,149,1,1,5,0,0
1549617933779,5,Petición HTTP,200,OK,Grupo de Hilos 1-890,text,true,,488,149,1,1,5,0,0
1549617933789,5,Petición HTTP,200,OK,Grupo de Hilos 1-891,text,true,,488,149,1,1,5,0,0
1549617933804,5,Petición HTTP,200,OK,Grupo de Hilos 1-892,text,true,,488,149,1,1,5,0,0
1549617933812,6,Petición HTTP,200,OK,Grupo de Hilos 1-893,text,true,,489,149,1,1,6,0,1
1549617933823,6,Petición HTTP,200,OK,Grupo de Hilos 1-894,text,true,,489,149,1,1,5,0,0
1549617933833,6,Petición HTTP,200,OK,Grupo de Hilos 1-895,text,true,,488,149,1,1,6,0,0
1549617933843,6,Petición HTTP,200,OK,Grupo de Hilos 1-896,text,true,,488,149,1,1,6,0,1
1549617933854,6,Petición HTTP,200,OK,Grupo de Hilos 1-897,text,true,,488,149,1,1,6,0,0
1549617933865,6,Petición HTTP,200,OK,Grupo de Hilos 1-898,text,true,,489,149,1,1,6,0,0
1549617933873,6,Petición HTTP,200,OK,Grupo de Hilos 1-899,text,true,,488,149,1,1,6,0,1
1549617933885,5,Petición HTTP,200,OK,Grupo de Hilos 1-900,text,true,,487,149,1,1,5,0,0
1549617933895,5,Petición HTTP,200,OK,Grupo de Hilos 1-901,text,true,,488,149,1,1,5,0,0
1549617933905,5,Petición HTTP,200,OK,Grupo de Hilos 1-902,text,true,,488,149,1,1,5,0,0
1549617933915,5,Petición HTTP,200,OK,Grupo de Hilos 1-903,text,true,,487,149,1,1,5,0,0
1549617933925,5,Petición HTTP,200,OK,Grupo de Hilos 1-904,text,true,,489,149,1,1,5,0,0
1549617933935,6,Petición HTTP,200,OK,Grupo de Hilos 1-905,text,true,,488,149,1,1,6,0,1
1549617933947,5,Petición HTTP,200,OK,Grupo de Hilos 1-906,text,true,,487,149,1,1,5,0,0
1549617933957,5,Petición HTTP,200,OK,Grupo de Hilos 1-907,text,true,,488,149,1,1,5,0,0
1549617933967,5,Petición HTTP,200,OK,Grupo de Hilos 1-908,text,true,,486,149,1,1,5,0,0
1549617933977,5,Petición HTTP,200,OK,Grupo de Hilos 1-909,text,true,,487,149,1,1,5,0,0
1549617933987,6,Petición HTTP,200,OK,Grupo de Hilos 1-910,text,true,,489,149,1,1,6,0,0
1549617933996,6,Petición HTTP,200,OK,Grupo de Hilos 1-911,text,true,,487,149,1,1,6,0,0
1549617934006,6,Petición HTTP,200,OK,Grupo de Hilos 1-912,text,true,,488,149,1,1,6,0,0
1549617934016,6,Petición HTTP,200,OK,Grupo de Hilos 1-913,text,true,,489,149,1,1,6,0,1
1549617934026,6,Petición HTTP,200,OK,Grupo de Hilos 1-914,text,true,,487,149,1,1,6,0,1
1549617934037,5,Petición HTTP,200,OK,Grupo de Hilos 1-915,text,true,,488,149,1,1,5,0,0
1549617934048,5,Petición HTTP,200,OK,Grupo de Hilos 1-916,text,true,,489,149,1,1,5,0,0
1549617934058,5,Petición HTTP,200,OK,Grupo de Hilos 1-917,text,true,,488,149,1,1,5,0,0
1549617934068,5,Petición HTTP,200,OK,Grupo de Hilos 1-918,text,true,,488,149,1,1,5,0,0
1549617934077,6,Petición HTTP,200,OK,Grupo de Hilos 1-919,text,true,,488,149,1,1,6,0,0
1549617934087,6,Petición HTTP,200,OK,Grupo de Hilos 1-920,text,true,,488,149,1,1,6,0,0
1549617934097,6,Petición HTTP,200,OK,Grupo de Hilos 1-921,text,true,,488,149,1,1,6,0,1
1549617934107,6,Petición HTTP,200,OK,Grupo de Hilos 1-922,text,true,,487,149,1,1,6,0,1
1549617934117,6,Petición HTTP,200,OK,Grupo de Hilos 1-923,text,true,,488,149,1,1,6,0,1
1549617934128,5,Petición HTTP,200,OK,Grupo de Hilos 1-924,text,true,,487,149,1,1,5,0,0
1549617934139,5,Petición HTTP,200,OK,Grupo de Hilos 1-925,text,true,,487,149,1,1,5,0,0
1549617934149,5,Petición HTTP,200,OK,Grupo de Hilos 1-926,text,true,,488,149,1,1,5,0,0
1549617934159,5,Petición HTTP,200,OK,Grupo de Hilos 1-927,text,true,,488,149,1,1,5,0,0
1549617934168,6,Petición HTTP,200,OK,Grupo de Hilos 1-928,text,true,,489,149,1,1,6,0,0
1549617934178,6,Petición HTTP,200,OK,Grupo de Hilos 1-929,text,true,,489,149,1,1,6,0,0
1549617934188,6,Petición HTTP,200,OK,Grupo de Hilos 1-930,text,true,,488,149,1,1,6,0,1
1549617934198,6,Petición HTTP,200,OK,Grupo de Hilos 1-931,text,true,,487,149,1,1,6,0,1
1549617934208,6,Petición HTTP,200,OK,Grupo de Hilos 1-932,text,true,,487,149,1,1,6,0,1
1549617934220,5,Petición HTTP,200,OK,Grupo de Hilos 1-933,text,true,,488,149,1,1,5,0,0
1549617934230,5,Petición HTTP,200,OK,Grupo de Hilos 1-934,text,true,,490,149,1,1,5,0,0
1549617934246,5,Petición HTTP,200,OK,Grupo de Hilos 1-935,text,true,,487,149,1,1,5,0,0
1549617934256,5,Petición HTTP,200,OK,Grupo de Hilos 1-936,text,true,,488,149,2,2,5,0,0
1549617934259,6,Petición HTTP,200,OK,Grupo de Hilos 1-937,text,true,,488,149,1,1,6,0,0
1549617934269,5,Petición HTTP,200,OK,Grupo de Hilos 1-938,text,true,,488,149,1,1,5,0,0
1549617934286,5,Petición HTTP,200,OK,Grupo de Hilos 1-939,text,true,,487,149,1,1,5,0,0
1549617934294,6,Petición HTTP,200,OK,Grupo de Hilos 1-940,text,true,,489,149,1,1,6,0,1
1549617934305,5,Petición HTTP,200,OK,Grupo de Hilos 1-941,text,true,,488,149,1,1,5,0,0
1549617934316,5,Petición HTTP,200,OK,Grupo de Hilos 1-942,text,true,,486,149,1,1,5,0,0
1549617934326,5,Petición HTTP,200,OK,Grupo de Hilos 1-943,text,true,,488,149,1,1,5,0,0
1549617934336,5,Petición HTTP,200,OK,Grupo de Hilos 1-944,text,true,,488,149,1,1,5,0,0
1549617934346,6,Petición HTTP,200,OK,Grupo de Hilos 1-945,text,true,,487,149,1,1,6,0,0
1549617934356,6,Petición HTTP,200,OK,Grupo de Hilos 1-946,text,true,,489,149,1,1,6,0,0
1549617934366,5,Petición HTTP,200,OK,Grupo de Hilos 1-947,text,true,,488,149,1,1,5,0,0
1549617934375,6,Petición HTTP,200,OK,Grupo de Hilos 1-948,text,true,,488,149,1,1,5,0,0
1549617934385,5,Petición HTTP,200,OK,Grupo de Hilos 1-949,text,true,,489,149,1,1,5,0,0
1549617934395,6,Petición HTTP,200,OK,Grupo de Hilos 1-950,text,true,,487,149,1,1,6,0,0
1549617934405,6,Petición HTTP,200,OK,Grupo de Hilos 1-951,text,true,,488,149,1,1,6,0,1
1549617934415,6,Petición HTTP,200,OK,Grupo de Hilos 1-952,text,true,,487,149,1,1,6,0,1
1549617934425,6,Petición HTTP,200,OK,Grupo de Hilos 1-953,text,true,,488,149,1,1,6,0,1
1549617934435,6,Petición HTTP,200,OK,Grupo de Hilos 1-954,text,true,,488,149,1,1,6,0,1
1549617934446,5,Petición HTTP,200,OK,Grupo de Hilos 1-955,text,true,,486,149,1,1,5,0,0
1549617934457,5,Petición HTTP,200,OK,Grupo de Hilos 1-956,text,true,,487,149,1,1,5,0,0
1549617934467,5,Petición HTTP,200,OK,Grupo de Hilos 1-957,text,true,,488,149,1,1,5,0,0
1549617934477,5,Petición HTTP,200,OK,Grupo de Hilos 1-958,text,true,,487,149,1,1,5,0,0
1549617934487,5,Petición HTTP,200,OK,Grupo de Hilos 1-959,text,true,,489,149,1,1,5,0,0
1549617934497,5,Petición HTTP,200,OK,Grupo de Hilos 1-960,text,true,,489,149,1,1,5,0,0
1549617934507,6,Petición HTTP,200,OK,Grupo de Hilos 1-961,text,true,,489,149,1,1,6,0,0
1549617934516,6,Petición HTTP,200,OK,Grupo de Hilos 1-962,text,true,,487,149,1,1,6,0,0
1549617934525,6,Petición HTTP,200,OK,Grupo de Hilos 1-963,text,true,,487,149,1,1,6,0,0
1549617934535,6,Petición HTTP,200,OK,Grupo de Hilos 1-964,text,true,,488,149,1,1,6,0,0
1549617934545,6,Petición HTTP,200,OK,Grupo de Hilos 1-965,text,true,,487,149,1,1,6,0,0
1549617934555,6,Petición HTTP,200,OK,Grupo de Hilos 1-966,text,true,,489,149,1,1,6,0,1
1549617934565,6,Petición HTTP,200,OK,Grupo de Hilos 1-967,text,true,,487,149,1,1,6,0,1
1549617934575,6,Petición HTTP,200,OK,Grupo de Hilos 1-968,text,true,,486,149,1,1,6,0,1
1549617934585,6,Petición HTTP,200,OK,Grupo de Hilos 1-969,text,true,,489,149,1,1,6,0,1
1549617934596,5,Petición HTTP,200,OK,Grupo de Hilos 1-970,text,true,,489,149,1,1,5,0,0
1549617934607,5,Petición HTTP,200,OK,Grupo de Hilos 1-971,text,true,,488,149,1,1,5,0,0
1549617934617,5,Petición HTTP,200,OK,Grupo de Hilos 1-972,text,true,,487,149,1,1,5,0,0
1549617934627,5,Petición HTTP,200,OK,Grupo de Hilos 1-973,text,true,,487,149,1,1,5,0,0
1549617934637,5,Petición HTTP,200,OK,Grupo de Hilos 1-974,text,true,,487,149,1,1,5,0,0
1549617934647,5,Petición HTTP,200,OK,Grupo de Hilos 1-975,text,true,,488,149,1,1,5,0,0
1549617934657,5,Petición HTTP,200,OK,Grupo de Hilos 1-976,text,true,,490,149,1,1,5,0,0
1549617934666,6,Petición HTTP,200,OK,Grupo de Hilos 1-977,text,true,,488,149,1,1,6,0,0
1549617934676,5,Petición HTTP,200,OK,Grupo de Hilos 1-978,text,true,,489,149,1,1,5,0,0
1549617934686,6,Petición HTTP,200,OK,Grupo de Hilos 1-979,text,true,,489,149,1,1,6,0,0
1549617934696,6,Petición HTTP,200,OK,Grupo de Hilos 1-980,text,true,,487,149,1,1,6,0,0
1549617934706,6,Petición HTTP,200,OK,Grupo de Hilos 1-981,text,true,,489,149,1,1,6,0,1
1549617934716,6,Petición HTTP,200,OK,Grupo de Hilos 1-982,text,true,,487,149,1,1,6,0,1
1549617934726,6,Petición HTTP,200,OK,Grupo de Hilos 1-983,text,true,,485,149,1,1,6,0,1
1549617934736,6,Petición HTTP,200,OK,Grupo de Hilos 1-984,text,true,,487,149,1,1,6,0,1
1549617934748,5,Petición HTTP,200,OK,Grupo de Hilos 1-985,text,true,,488,149,1,1,5,0,0
1549617934758,5,Petición HTTP,200,OK,Grupo de Hilos 1-986,text,true,,489,149,1,1,5,0,0
1549617934768,5,Petición HTTP,200,OK,Grupo de Hilos 1-987,text,true,,490,149,1,1,5,0,0
1549617934778,5,Petición HTTP,200,OK,Grupo de Hilos 1-988,text,true,,488,149,1,1,5,0,0
1549617934788,5,Petición HTTP,200,OK,Grupo de Hilos 1-989,text,true,,489,149,1,1,5,0,0
1549617934798,5,Petición HTTP,200,OK,Grupo de Hilos 1-990,text,true,,487,149,1,1,5,0,0
1549617934808,5,Petición HTTP,200,OK,Grupo de Hilos 1-991,text,true,,489,149,1,1,5,0,0
1549617934818,5,Petición HTTP,200,OK,Grupo de Hilos 1-992,text,true,,489,149,1,1,5,0,0
1549617934827,6,Petición HTTP,200,OK,Grupo de Hilos 1-993,text,true,,488,149,1,1,6,0,0
1549617934837,6,Petición HTTP,200,OK,Grupo de Hilos 1-994,text,true,,488,149,1,1,6,0,0
1549617934847,6,Petición HTTP,200,OK,Grupo de Hilos 1-995,text,true,,488,149,1,1,6,0,0
1549617934857,5,Petición HTTP,200,OK,Grupo de Hilos 1-996,text,true,,489,149,1,1,5,0,1
1549617934867,6,Petición HTTP,200,OK,Grupo de Hilos 1-997,text,true,,486,149,1,1,6,0,1
1549617934877,6,Petición HTTP,200,OK,Grupo de Hilos 1-998,text,true,,487,149,1,1,6,0,1
1549617934887,6,Petición HTTP,200,OK,Grupo de Hilos 1-999,text,true,,490,149,1,1,6,0,1
1549617934898,5,Petición HTTP,200,OK,Grupo de Hilos 1-1000,text,true,,486,149,1,1,5,0,0
